151.8021421	16.76854211	97.638321	87.7359383524
132.0115292	62.0326222	107.436813	87.3154732688
200.6872245	17.66105793	95.809296	83.935702387
175.9915518	32.57844207	125.166817	82.9049053596
241.2581566	13.70124197	65.225029	82.1042583989
243.7862823	32.0350564	94.635048	81.1447570524
245.3206964	20.06941671	100.039169	80.9863935294
219.6658922	33.39130156	7.689621	80.4875914931
208.6855344	18.44555107	149.387634	79.1241874592
168.4928117	20.53502643	108.551361	77.8428605279
152.0795312	12.05622692	171.702042	77.7201732193
244.3586596	14.90871231	173.327087	76.3524350203
142.4725855	32.85371753	133.663284	76.2865169597
183.6280336	10.64529698	41.032833	76.0476975077
239.0157092	6.81586478	125.056541	75.3499243728
260.1523035	28.80958381	95.019012	74.9307307519
223.8767795	7.73174108	134.952545	74.7442422345
213.8200694	19.05514189	58.124683	74.3098417386
238.1832343	0.41063087	86.173996	74.2082990762
195.9238904	29.81837441	105.366997	73.9218229247
127.2386799	59.43447009	125.2099	73.6912703908
233.2862761	6.68660114	144.10141	73.2520563152
183.7136498	33.00956992	9.660892	72.751143192
122.0302328	19.23080943	103.446457	71.3910914143
169.2920146	25.84353483	162.319855	71.3513309947
177.9353738	7.74994056	177.438126	71.0743119975
146.8137758	67.91669899	142.279861	70.8740405808
224.8922895	17.48570339	36.204826	70.7594245979
154.9863766	16.30086831	143.357529	70.6822575445
200.4725274	28.66870549	163.328293	70.5979839658
203.9574549	0.25033042	169.17186	70.564628322
168.16616	18.87861267	55.914223	70.3932013185
244.6957201	7.40949405	136.381149	70.3908116037
129.1355672	51.68857062	170.246277	70.0855846558
177.7569055	20.80490241	83.378716	70.0499394657
172.577817	-3.0851182	6.91E-03	69.9076870438
133.9030669	27.94030421	63.153988	69.6708750468
199.8187695	35.15588929	93.65255	68.9137888293
116.1769081	28.0964473	108.124802	68.698480216
161.900957	42.96016457	58.89064	68.6917466514
170.7123624	43.45975906	170.071503	67.9215014985
140.7077751	26.63673079	89.935089	67.4932731478
190.676369	14.28357598	157.037064	67.0785977579
183.102079	23.76339589	30.458984	66.3652393424
124.0024312	8.05438084	24.492523	66.3651608038
240.3830627	10.0588674	143.404892	66.1049526179
155.9235845	40.77559689	130.781586	65.7802621952
235.2052709	-0.37812387	172.631042	65.6796977372
166.9593654	27.85018729	106.079971	65.2105256557
175.9422938	31.66680493	59.688717	65.2093657423
247.5567285	23.23565087	27.87323	65.2075031214
121.9345326	19.25677215	70.952232	65.157888277
158.5806978	22.27685341	56.890163	64.8799833817
117.6669736	45.76703227	71.827942	64.2826400938
247.719776	19.69146226	125.794746	63.950073
224.0975596	40.50224804	131.600769	63.9376111697
240.1154346	35.08268953	64.36013	63.8236758041
204.2154382	20.58850884	178.306717	63.7755739082
215.3555372	23.2784155	52.681446	63.5241857912
209.7711403	51.24513292	39.274105	63.3815990625
141.9803696	65.89130672	44.736004	63.051847234
153.6650056	27.55496359	144.954315	63.025610378
219.3472318	14.10244733	154.063385	62.8905558863
114.2244365	44.95441958	16.300465	62.7450197499
130.4700729	44.06513123	78.605606	62.718488282
214.1193853	17.22920389	162.11554	62.6457504139
168.4497699	20.58090811	58.158752	62.6232582864
215.2561898	33.33300057	17.496719	62.5630232591
217.8294737	42.94241669	68.818214	62.2112096991
167.2360809	11.37349176	72.354706	61.8070698814
134.4497477	10.72711667	178.288574	61.6715046829
222.0500518	26.65276976	71.417969	61.6216729806
154.5782146	28.73559393	126.44265	61.510709553
115.7950393	27.07369082	149.363617	61.3832601701
129.0345984	23.96700363	1.645298	61.3291514342
243.4030673	30.24116948	151.226746	61.2655031534
195.3223171	56.76770717	106.555763	60.9404500021
222.110724	4.07610467	178.269806	60.8223810363
206.0041712	13.01823684	145.985214	60.691830247
246.9554893	25.15516948	58.80294	60.6591256583
216.136758	9.34982777	92.069527	60.5751714162
198.7733907	33.00724139	71.496323	60.4228848054
152.5620655	21.14227393	116.968353	60.2598530341
172.6445734	10.50773952	62.804089	60.2509776665
243.6531635	17.75952324	173.171265	60.1894634491
116.962009	18.45059489	124.500099	60.1732953384
209.2766324	54.61316399	71.883492	59.7677351006
246.4002259	50.13362227	2.551956	59.7650759147
218.6648112	12.19848832	68.846268	59.5494325931
244.7863431	12.20643312	34.583675	59.4834430382
199.4196709	29.11772032	120.01178	59.4816925865
237.9424715	22.5841665	117.559433	59.4520145918
119.3472429	30.98773916	125.344383	59.2908672255
206.3638055	1.41912548	54.948578	59.2372287225
253.9718737	25.16254636	46.272827	59.2346463066
200.7993667	20.89721834	15.404516	59.0613877045
111.9152495	38.70885735	146.427246	59.0551185282
151.3784169	23.83146083	106.886276	58.7956416013
248.8410605	30.72877478	105.162537	58.7118910909
184.3983047	36.37155722	25.318428	58.6839689433
168.493338	20.57875818	132.749466	58.6025625034
123.4848217	13.19121324	64.660561	58.4408844757
214.4455502	26.09486469	64.675842	58.4107253702
131.5937644	54.43213264	54.706425	58.4015267537
131.8105555	30.64592899	54.505337	58.2448762433
115.7309468	43.35536343	96.236084	58.1469047096
211.0566855	16.33177901	93.846321	58.1342952572
237.2098402	43.97868387	78.881332	58.1292074447
116.3985644	33.17722478	38.050106	58.0025864743
253.0740198	25.74580442	36.82962	57.9915214352
241.7176425	11.16661943	2.867783	57.729923822
230.6061028	17.34326009	178.424316	57.6431622033
154.4202304	34.55546744	107.723373	57.5780584552
181.9608774	-1.74278862	8.052938	57.5681584861
126.2547912	55.99235017	120.887909	57.1134103858
166.9874001	11.07763046	13.799225	56.8756697911
124.8613629	48.8707651	69.346474	56.8046153585
247.3754966	13.36220748	53.756382	56.7044792557
215.9984354	7.59752137	117.461288	56.6636808131
127.8370907	13.02014439	76.062439	56.5194047456
141.9868072	22.01015382	9.39399	56.4824785235
152.5808946	29.3735834	65.575348	56.3783400222
212.0659094	49.47617633	114.550346	56.2815780478
249.8497524	27.87488973	123.710083	56.0482663588
176.73397	6.87771351	31.144873	55.7842777449
246.3306455	14.01949374	80.887596	55.7283792259
246.935213	12.2128205	153.826187	55.6957142293
155.2930198	14.65130276	151.007095	55.6216405195
244.2643899	11.71990691	111.701103	55.5538857901
118.6856025	14.60774257	66.217766	55.510540425
204.6109378	45.97819615	115.222603	55.4390908352
248.2614339	20.72647624	133.977402	55.4354585942
124.7262534	17.65084234	164.030579	55.3164585543
215.8550753	36.53692468	98.596115	55.1715363064
143.1409905	38.88486786	89.584534	55.1286438375
239.3273782	27.02639865	119.682228	54.9916022663
229.7884637	11.59239507	70.939598	54.957700618
141.2856173	12.04298529	55.618725	54.7914284266
260.5918658	30.51812327	88.154716	54.725227124
235.5951325	27.7758801	97.558434	54.68197595
242.6633771	34.7696164	29.114563	54.6628389073
134.4179554	54.19925725	112.166313	54.5929176338
201.0200761	20.93113963	108.757004	54.5489572279
228.3336062	20.95439216	104.166672	54.364263514
215.5596456	7.78990007	154.464066	54.361496719
222.6467148	34.48393631	161.53949	54.2786230476
208.3683981	18.88190547	5.441818	54.0334106413
140.2487887	11.50250197	110.125938	53.9538289394
203.2731469	52.12469357	82.758385	53.9448516476
162.5848762	13.12555515	55.197014	53.9359125869
173.850729	57.27874357	114.701736	53.9108842452
230.576771	28.64884666	147.114227	53.7159119813
127.1235225	6.34821119	75.032288	53.650741779
180.5303736	21.4958352	172.502136	53.289992556
233.1307355	39.60379582	140.951813	53.2687123637
248.2046306	46.12999349	2.646973	53.1311843586
160.1922332	34.09274383	128.03653	53.0849255862
185.4928227	33.26054116	138.989777	53.0515585426
248.8326818	24.7377819	89.085648	53.0432052128
134.5503386	10.54904427	112.522507	52.9733824663
189.7749868	9.99107752	1.809604	52.8992809428
236.2403063	21.72107456	75.524826	52.8944943316
201.401995	30.00534979	71.4907	52.883923923
129.9414323	35.55892266	15.316277	52.8009982625
238.0371802	32.92108656	48.703808	52.6997866012
131.483956	6.90862134	99.780197	52.4618753634
257.0936309	32.35200765	158.265244	52.3459365891
219.3225526	38.94079348	76.741684	52.0481319778
183.2676163	14.27348057	92.402374	52.0008424311
168.7435101	41.85396256	90.506462	51.9774797649
192.9142997	-0.93721438	28.07954	51.9452191409
168.1290558	61.20757734	118.067833	51.940539795
155.4080872	33.61258686	99.630486	51.9159215298
183.6342171	11.19205799	1.809687	51.8016000135
147.7043763	19.2765226	152.05365	51.7863914471
251.5943675	26.93515491	149.527603	51.7401973163
176.6844115	-2.96789433	5.423748	51.7183770387
257.0889837	36.20572932	107.285782	51.6754166939
134.3269499	1.74493134	7.094815	51.6050892623
161.1821145	10.67453002	52.338131	51.5169320821
241.5407555	18.08924803	28.046448	51.4948922531
203.0699437	4.28199609	83.826805	51.4817180973
217.1281719	13.81340082	108.312607	51.4476650163
169.1307629	37.94850662	132.430374	51.4349974852
134.4207192	13.87994432	29.119257	51.4195673505
258.9927789	34.66317468	3.381424	51.3775396752
248.6663009	35.1785289	80.142136	51.3704593468
118.1234468	13.94531954	177.598846	51.3602724278
133.7070399	18.05647493	53.367191	51.3583336731
168.6861396	20.58626742	43.338554	51.3308631086
214.5978158	14.00038331	102.054451	51.2611901809
240.5234798	20.02786703	88.597542	51.2436188574
112.0228456	43.13231024	22.55619	51.2425281023
119.219968	10.79441115	4.347675	51.159927877
203.5244378	34.18834459	105.8256	51.1531594872
137.0316732	18.66817258	139.696548	51.1497745731
213.8614856	10.68297369	160.546783	51.1320527214
144.9556535	8.54417823	17.795547	51.1182678413
252.1073321	42.67407291	96.156166	51.102767709
235.9465968	48.67033593	169.17688	50.9781017546
243.3129472	24.85990728	19.043365	50.9763923145
136.9082148	45.84911596	56.844299	50.9705031573
224.3364418	20.17848487	64.548264	50.9464677573
198.9095933	22.92887185	138.667404	50.945832845
115.4137228	24.31111997	167.854767	50.9428811144
223.7470029	17.12656753	107.101028	50.9374455769
243.4009153	36.58790425	29.665527	50.9129063024
244.5044144	26.85391489	26.034302	50.9021462533
254.1428233	24.36540864	13.485748	50.8870417944
207.7748468	43.86392114	164.139908	50.8820828951
118.9181236	17.54569688	173.600677	50.8350638923
236.7337802	37.71347906	93.42733	50.7996625159
246.6568288	47.41290436	62.805519	50.7914294857
203.1952466	11.89697092	21.458897	50.592682345
170.0077682	42.76295383	73.965836	50.5767873814
193.9608379	64.10256	73.675514	50.5714213842
246.5537378	38.08839846	157.591156	50.5410964921
125.1596255	9.97518348	57.137802	50.5368143866
220.0052874	17.60033273	157.049026	50.5120219647
139.4706997	11.48108578	175.786774	50.4708328552
252.8136514	24.78668216	104.477951	50.4467477396
154.9245288	2.33618627	36.280323	50.4340751386
246.0905348	13.06151484	55.746857	50.3890194987
197.4036202	21.76027086	53.442608	50.335961421
215.8503722	46.18019913	85.43718	50.3186608743
117.8382129	22.20395646	124.982162	50.2297070172
244.9156034	35.33788576	112.740829	50.2265368621
243.7486015	8.54889122	116.804176	50.1606677796
229.5202885	26.64462952	78.768806	50.1606043952
239.3553648	26.69170703	167.761139	50.1331264813
156.8636057	48.07554388	72.343117	50.131259163
140.2022189	11.47974353	65.653297	50.1047128515
130.8883239	24.56600852	116.839287	49.9655949114
228.5869509	40.34602245	66.064056	49.9099183847
211.6593458	13.05934504	118.603188	49.8615295862
249.7429015	24.66712498	57.6563	49.8578930021
130.2351009	37.14518965	172.252289	49.8101659189
230.3543167	4.11422165	128.556717	49.7650061052
244.6937742	40.02122421	178.781113	49.7410637563
192.3240681	63.03474335	165.267868	49.7139265016
152.5459377	26.60869252	161.75827	49.7122668371
244.0834644	19.55801724	31.698532	49.5917966076
169.5907125	17.69641683	76.385628	49.5472146867
176.8171448	9.421561	177.413269	49.5219232578
254.3408177	31.85673526	29.241333	49.4753973336
257.443687	22.99283303	172.804657	49.4572719913
180.8646135	41.06676946	16.012285	49.3879805191
130.2279374	42.97505494	118.262817	49.3175404064
206.6977539	66.86410425	98.040703	49.2868953241
138.5582731	7.15418974	165.242264	49.1910610705
190.4096753	31.99292535	20.284559	49.188121205
211.8031908	14.14550016	145.59787	49.1434907961
122.7555643	6.0709013	113.791847	48.9566432465
174.4745359	36.90150786	107.463203	48.9498287061
213.4830387	28.79656711	177.65358	48.8971542301
215.4482217	44.07348762	64.422012	48.8717376743
185.5287649	34.464522	163.290436	48.8091246056
234.5087558	24.5360281	126.237587	48.6769509941
177.9383292	44.79121309	50.069241	48.6743851689
220.0206348	7.38964408	8.546554	48.6664887346
122.1339252	7.80425678	173.931915	48.6346644975
152.9829365	14.68161698	117.775093	48.6339184202
190.4098664	20.16544062	75.618439	48.5507581745
213.7531917	59.15878265	109.224541	48.5435428961
157.8332869	30.41318023	15.540243	48.5399195938
155.153222	3.64839449	172.368149	48.4839778681
135.4802961	12.61962037	0.33296	48.4617904164
130.3755	42.32214638	165.683502	48.4250322902
143.6083538	6.84275466	96.925934	48.3797747035
129.6755211	42.06271086	6.126801	48.3299033301
228.6642886	17.77700545	98.649109	48.2272336134
125.1012485	55.653396	157.029877	48.159481611
221.9291425	26.14698883	46.603573	48.0661370428
142.5637783	26.5107499	127.895157	48.0607031298
227.0025612	2.23597685	36.546803	48.0343290892
162.8987675	27.88425236	2.803139	47.9461873157
119.3143917	41.30010391	63.868168	47.9271602733
158.6295782	25.5965032	120.421066	47.7774577367
116.4792991	43.11419574	56.046516	47.7709907292
246.0084699	14.55309378	2.458008	47.676896181
233.6245226	5.9698684	159.079666	47.5488312135
226.1308574	18.13558088	94.160614	47.5408798275
231.7091351	37.24906524	49.448524	47.4906622693
185.5969922	26.40196598	77.419571	47.4814800515
241.6239102	30.38707845	94.234001	47.4758307833
144.9730137	14.2952543	58.482422	47.4647758164
162.392316	24.23644448	26.048656	47.4644638964
133.1568078	15.55723589	159.971542	47.4153116511
172.0202911	-1.08031497	140.59433	47.3917142848
158.8231589	48.52218733	154.116394	47.3343624317
175.26074	11.46005718	16.841377	47.2752699539
252.5208319	18.53778379	78.168213	47.2214399138
217.5432745	13.93560855	108.665367	47.213771534
193.4696566	64.475256	150.3246	47.1591002898
226.7954917	-0.51844541	152.253647	47.1553000792
129.9275065	11.26131346	99.026077	47.0705680918
225.8838509	2.73393801	176.629959	47.0313628748
220.4534297	43.86185532	179.056305	46.9600562348
178.9111342	53.51365067	125.089188	46.9076796287
235.5971514	42.78143334	90.458717	46.8716949468
135.2633203	25.88654625	135.063828	46.8480385459
121.303104	11.08359802	63.300392	46.8020386151
121.2856959	8.94043158	85.789986	46.8010454656
112.1479096	43.7860774	30.291748	46.7748177432
249.7643594	27.10136677	88.080063	46.5985000315
162.8799217	17.11114514	48.53109	46.5952033047
120.6449106	21.53171459	11.643563	46.5523052378
210.5514934	13.11783184	166.870743	46.499612389
223.0222066	6.2719483	120.936096	46.4544124799
114.464086	27.67131862	11.611182	46.4490398159
140.4009187	43.11435066	90.849602	46.4328915281
226.9573691	7.10238665	50.609051	46.3684264951
111.5517264	44.32829773	117.795563	46.3026041678
193.212873	26.45411899	38.207268	46.2973140624
203.1037359	9.54732942	99.531258	46.29537718
241.8094503	44.4415879	62.650814	46.2354272822
184.2341009	5.73309984	145.28035	46.2296944045
243.878617	28.21192772	121.668716	46.1613677982
216.2170111	34.43648145	64.650574	46.1181772156
122.022223	51.44837545	177.067169	46.0601026581
245.2246072	20.27150134	175.407791	46.0585675602
213.8398058	19.05986885	50.835781	46.0566201397
214.3902793	2.40126017	138.310074	46.0548326771
138.5143682	40.10542184	88.827927	46.0457840665
205.3775084	37.42834719	105.865501	46.0068510987
136.9870443	64.67743908	111.772629	46.0061285943
194.4492437	20.89271991	116.073174	45.9086213805
151.9199028	16.35992553	15.670079	45.9022069649
246.0240968	25.75311011	0.92421	45.8828168574
132.9450727	40.21811397	153.938965	45.8822258278
140.4196086	45.18962504	115.222343	45.8525133332
244.6279824	27.58346584	112.620956	45.7970924624
138.2067043	-0.60890569	118.247658	45.7920776341
205.6929701	11.35028152	154.231934	45.7850399136
222.2430418	60.22303764	114.818909	45.7595309777
153.3697853	31.45104544	110.548019	45.7501004506
211.6048592	24.6348941	175.416016	45.7408961334
132.6683957	24.08639883	29.912685	45.7209888994
167.6429724	30.35210124	158.342896	45.6996255555
119.1021446	11.7893768	158.630005	45.6951251005
243.8285295	6.66812631	115.818489	45.6588289204
217.2879221	-1.17958524	51.77084	45.650605641
156.7313078	4.81586837	163.746094	45.6451403305
242.1883907	14.20602267	132.223663	45.6379325902
140.2088213	11.56884062	110.750763	45.6284249414
141.5131151	65.3592696	86.423264	45.592643709
194.1105886	12.30884418	141.071854	45.5373550048
138.1178702	35.05375198	33.4655	45.5309071174
175.300271	21.82478863	112.95163	45.5200242778
132.1817626	13.08836681	55.088631	45.514090773
226.7520887	48.19349603	0.122543	45.4400329134
187.7613595	7.22212351	2.407473	45.4319703407
139.0392561	26.47215179	152.630875	45.4042770611
126.2392205	24.56591511	103.508408	45.4002229187
178.4786634	35.70316424	76.390938	45.3694888589
226.3548404	36.86587894	165.861755	45.362413637
184.8635794	41.68474729	55.779064	45.360340002
191.4306139	13.42373456	22.638075	45.3180255394
221.3307293	40.43295156	131.935852	45.2206968491
211.9450727	35.46142368	107.147987	45.1782364205
214.8937323	5.79415773	142.099319	45.1004653942
242.5227672	19.7724789	160.210907	45.0991966968
137.9838302	48.88678544	84.887039	45.015888117
232.2193744	4.17656258	29.655495	44.9552602872
186.9452168	48.62645534	123.02256	44.8858359278
221.4456166	13.81446587	52.537754	44.8644491914
240.5799494	18.0893643	154.692932	44.8224242568
198.4273637	1.55247414	174.19693	44.7635418023
218.4507433	23.52243884	164.791214	44.7515897428
213.5817704	20.25703223	122.314377	44.7232177065
127.9707892	39.21370208	158.365082	44.7139584411
209.4983872	49.59139266	34.237495	44.7086351778
227.831922	54.21007762	35.006836	44.7039125937
260.5600829	26.72061578	125.038094	44.688703182
222.6853221	30.21020401	84.415825	44.620913303
145.5152317	66.58676884	94.916962	44.5916064216
164.7269861	58.08537009	95.284119	44.5771552038
240.916613	21.04710026	137.574631	44.5697086831
235.6081487	46.3914802	52.809727	44.5680554479
257.0749172	31.54177895	125.055031	44.5630203331
250.4275339	46.63308217	42.156174	44.5607616939
189.3942533	4.59226382	164.036057	44.5130395883
174.025635	65.52025919	106.39843	44.4555973124
150.0419057	9.08247747	107.592346	44.4411531432
189.3184028	31.2098896	101.612053	44.3950999156
168.4827863	15.46823828	177.737457	44.3379664313
245.8988342	24.08081906	61.55965	44.3097537078
212.4799899	-1.76415917	31.235062	44.2808494053
241.8747422	15.32541732	128.731583	44.2551074695
255.7743402	22.32912862	151.097305	44.2391643151
120.6305667	30.74133313	140.42923	44.1293549106
148.0544618	34.86219783	90.513756	44.1234173151
124.2862951	44.92018173	30.636753	44.0916894706
160.5327188	27.00719462	24.198637	44.0784339445
159.7002662	14.3460138	0.798127	44.061309704
183.330425	6.37964853	61.314625	44.0293149694
130.9779353	61.57864853	165.83194	43.9984277564
219.6417381	6.17837904	179.970383	43.9526133473
162.3105771	29.97440784	142.312973	43.9518927123
113.5920655	40.86085701	158.084259	43.9307243245
191.4236006	39.26067027	87.596107	43.8809344531
118.1819993	25.82458074	93.459602	43.8503514211
248.2660847	30.00785197	47.691235	43.8369435379
165.1662	34.52507137	19.790171	43.8162310653
189.3217714	10.88801857	48.971443	43.770914687
226.2168792	8.17762748	96.629387	43.6968159011
120.4160087	50.00527153	119.798477	43.6583727686
200.6856301	27.27609307	162.271576	43.6439588614
253.723441	25.57446732	83.856171	43.6169600626
134.7686832	42.16166899	120.559013	43.5782941171
246.0070812	14.15060252	13.950363	43.5686690938
126.0988914	27.29426115	66.426414	43.56376943
251.154521	37.58707643	36.36409	43.5580856032
204.6114573	-1.73417311	106.511147	43.4762995995
205.9425303	46.57345727	13.250031	43.414973083
164.3189562	3.47352368	122.160316	43.3739078596
180.8656889	52.07983807	171.100922	43.3645099234
165.5595182	40.58851322	139.039948	43.3422070694
124.0551837	43.78853489	128.014008	43.3213530831
208.3128274	16.09305798	175.709763	43.3023855893
181.1893773	49.0029506	13.47882	43.2911293174
184.8008811	40.8099571	138.055069	43.2362087792
224.9039647	-0.74176059	25.728727	43.2269141497
238.3661338	21.34979789	20.216187	43.1723708316
218.0337044	11.40726775	14.850176	43.1521978983
136.6692695	40.46429647	98.785614	43.1457854008
225.9911821	6.67731322	30.693214	43.1334786751
146.6633307	7.25497968	60.876919	43.1108508219
171.732935	20.10819607	125.572533	43.0992027809
116.6755692	48.24861336	48.085827	43.0844134122
257.2999326	20.70671031	135.446457	43.0260212455
117.022635	40.0245531	26.746559	43.0252902919
242.3791079	24.73817145	75.799202	43.0251610818
250.7252094	13.52527037	123.461891	43.0105183285
142.5469325	31.9176027	0.643418	42.9324942074
124.0035285	21.59503586	94.607094	42.905459243
233.9436531	35.36221233	40.142639	42.8982246761
240.0338953	7.97684681	43.94981	42.8224950952
150.6993311	46.96981229	118.477654	42.8194625047
207.5814095	13.96300215	83.934143	42.7896083338
122.9193414	12.80326792	111.289467	42.7708553258
226.2212955	12.27636664	109.369133	42.7638511983
116.4488587	32.95593862	134.018494	42.7608119223
191.3952959	54.56855914	124.400467	42.7520408499
137.7613016	9.92723881	26.248152	42.7066535847
230.9772849	5.58838048	71.944107	42.6752525832
175.0886886	10.75056596	4.95377	42.6719918931
215.398371	52.07052396	22.005539	42.6360572991
202.4330683	19.44836504	153.541885	42.6322241361
149.6191831	68.89113781	1.018154	42.6238303335
240.5303586	34.20803472	35.268799	42.6192156744
190.2272604	-1.12265127	143.669327	42.5791952618
224.8390456	12.48568544	111.477921	42.5447771101
199.8018315	16.84628329	67.191597	42.5412160013
130.2320712	10.71366521	159.841156	42.5297987322
190.7799544	11.06028204	38.55069	42.5105106889
178.3576606	21.4787528	54.001842	42.4759752521
241.6624001	20.68639367	32.568096	42.4503791785
190.0911801	22.56937371	69.886467	42.4424687314
186.1927128	26.10946998	64.386124	42.4409566059
120.9305855	33.49598026	107.87825	42.4181161908
129.4294246	30.64371058	45.739906	42.4032763251
231.3896216	1.24409815	152.54924	42.3850939765
220.6555759	1.01354728	90.166176	42.3789137286
232.6228247	23.67364016	145.462173	42.3780961743
158.3863951	14.25180975	41.132607	42.3404178105
216.3013406	19.41023491	22.215107	42.3279249524
192.2585689	50.76064314	87.596062	42.320774867
244.0234107	11.64526042	178.788055	42.3039084735
130.3141213	48.41015255	70.025208	42.2705368213
138.1794108	8.48474353	22.014359	42.2618245522
170.5068843	44.56570936	7.777897	42.2513357098
182.9186567	57.06867049	137.923141	42.2081597001
137.3741857	32.29641528	62.391491	42.176443273
226.4937318	6.90928563	62.60257	42.1570507828
197.8620612	17.24407538	50.462952	42.1156476842
117.7089236	46.89507887	27.117138	42.0957631173
208.3188817	49.10345792	91.437248	42.0713045028
209.3248826	31.1939669	39.529446	42.0712640532
179.3296599	22.78910843	72.372681	42.0609947673
224.0651916	21.69371053	87.457672	42.0426765577
144.3905577	63.79844825	43.907799	42.0418634956
126.5211999	39.82684778	74.275246	42.0341343486
222.2374243	35.23495812	34.322948	42.0310887941
244.4179399	29.55414814	1.586838	41.9725387594
189.2480198	36.20790502	175.101837	41.9530313997
201.2730786	8.58647875	173.627502	41.9488214339
182.0521258	10.16947908	82.37075	41.9135349481
245.7741153	11.07011977	139.921997	41.8973142956
152.131346	12.20551413	82.401558	41.8941492137
167.2670489	11.79970302	27.675074	41.7949235183
251.3219407	20.3204666	39.992321	41.7937210153
240.7282947	35.77248666	34.667755	41.7484871812
134.3154323	15.90945795	135.782867	41.716759622
118.4868596	48.19860604	153.343567	41.6524957502
127.3523346	53.93893839	49.521168	41.644542899
183.1018463	11.38626071	51.271954	41.6278626176
218.721958	22.31744387	32.556316	41.6157938493
178.1927582	45.55416684	46.236172	41.6031651643
227.6743946	12.53030168	165.968765	41.5751571929
213.7638902	24.79939264	146.362762	41.5374425351
125.3025666	17.48897659	29.477987	41.5046639746
179.2625365	20.47884732	46.817795	41.493638396
202.6643233	26.87078211	152.031204	41.4306776951
186.5404335	6.97379786	159.26828	41.3929490341
133.5962243	14.27667546	119.976784	41.3328579075
136.7809078	47.54510732	107.345848	41.3219604823
160.5911807	47.79010829	58.084682	41.3026369746
124.7790637	19.60364416	116.967392	41.2777740136
192.6114234	48.62053885	32.179657	41.2178562005
223.3238368	31.39593374	91.452911	41.2045002215
221.9670329	29.4757925	106.604233	41.1916682789
185.5379556	8.86000199	171.962967	41.1878911738
144.2785769	44.24052599	77.676109	41.1853739152
227.6021908	37.37818552	2.935501	41.1840868527
122.4166211	12.85616029	82.085403	41.1621395073
203.2925466	16.87001627	176.33226	41.1330959349
127.6280918	18.93849411	118.189056	41.1290288235
247.2276054	17.38465593	129.984879	41.1192465543
237.7431513	10.60807318	38.191517	41.0902754322
173.0949259	24.28067289	101.108917	41.0795796275
243.2345162	6.01421356	112.939789	41.0758761891
115.1789515	21.38986103	83.235947	41.0458339777
116.2382974	31.39721017	52.824333	40.9802450575
133.5200999	12.35421488	131.23291	40.9702081905
175.8563972	33.89654799	102.393044	40.9511723072
147.5149233	26.15318692	45.36404	40.9157811095
209.3962211	14.73307419	84.051399	40.914210984
219.7939216	7.37650789	138.791901	40.9010530971
155.0041412	11.27758195	20.045248	40.8957210612
226.044481	-2.63390825	31.493729	40.8859403901
248.0260434	13.22341113	167.637268	40.8819558997
151.4461022	8.79685535	4.817055	40.8510549457
132.8254452	49.68240427	111.099953	40.8446128835
178.9252089	34.86418474	43.186546	40.810471511
121.1216695	12.16539706	171.271851	40.8030835958
128.8132408	27.46545665	170.024384	40.7744466648
233.3557924	33.54726439	30.262955	40.771663284
189.1427186	25.01054499	151.801697	40.7602928386
186.8068774	-2.19306419	38.990944	40.7542795711
128.2057787	44.7790189	177.260651	40.725647554
213.1983745	23.36242789	121.392754	40.7160905228
168.5510349	40.00846075	19.446547	40.6736453929
124.0005336	19.50668127	178.737946	40.6683659723
120.4537559	54.6530288	66.554054	40.6461146342
155.1643394	-0.43678851	85.611336	40.6373931341
234.4597389	47.58432942	37.598816	40.635559007
234.0476914	33.2476823	98.782372	40.6271307733
123.0482306	12.71398155	35.273457	40.6165215702
211.390407	32.95873192	166.365341	40.6161666756
221.0794115	13.53631276	11.725017	40.5972622829
178.2625767	36.98914461	81.629333	40.5877550982
123.0165898	42.38712629	135.661469	40.5840779526
243.0172808	29.93717193	114.54937	40.5509377723
203.7666635	57.11683387	73.352783	40.5470873144
115.473051	31.2916872	96.051964	40.5456392622
213.8706721	12.52479223	148.325012	40.4407685733
220.3897414	33.28481678	151.131897	40.385905172
121.3996459	37.25109608	179.308594	40.3712184559
156.9935872	11.02260847	73.25325	40.3340964152
130.6813962	61.81775132	95.822464	40.3246800579
247.5850425	27.01241683	75.665726	40.2960103436
234.3440732	7.78020186	105.016586	40.2849721714
203.3008843	12.96652952	16.656673	40.2601457535
244.766775	6.52098901	86.96553	40.2106256557
203.4240885	9.54799227	131.613785	40.1966316272
158.342314	35.73393381	141.307709	40.1765519722
219.5359866	24.7261864	6.635193	40.1752085886
131.5695402	34.09754189	163.479279	40.1380493156
196.2100663	4.27720512	91.425644	40.1145183273
173.186147	36.87056616	150.036285	40.0992944745
203.7808604	25.79871723	82.951935	40.0550851473
140.4097085	10.60710193	64.41291	40.0533100989
244.6890537	32.73599955	5.496918	40.0392319502
227.1837815	11.31376097	16.013323	40.0385213139
157.0478572	19.36381496	154.381424	40.0307650389
211.1707443	9.35716503	56.521965	40.0201864815
216.9031733	26.60792611	90.835915	40.0086931622
154.1120737	18.65719854	46.859055	40.0010378133
165.8871672	22.69707257	160.410507	39.9740318209
215.0958844	12.95137909	141.282928	39.9165810645
249.8157822	23.40505051	130.956116	39.8918767401
245.7617078	30.62735604	79.663879	39.8814127928
223.0208338	5.82372168	111.223732	39.8550011444
218.1972561	16.85665687	155.802246	39.8109694129
230.8852707	15.47033512	100.67765	39.6914142514
237.3864206	15.97780544	139.436981	39.6833862767
124.8535336	27.1234046	108.305054	39.6201528671
145.8281996	8.07200909	31.597094	39.5776264058
153.8039352	8.32642539	46.248631	39.5542200891
171.4118146	10.29209165	96.18499	39.5077462031
236.2008124	27.35205999	158.983749	39.5045250759
135.5963658	31.0291215	26.069117	39.424894941
143.8102149	25.75061105	134.87114	39.4130051681
111.0659907	37.91166189	156.610748	39.3903220727
148.6366163	13.43822166	82.85688	39.3760995352
221.5690969	54.69081805	20.618149	39.3685179653
237.377142	13.39710874	130.833649	39.3666937194
115.5552389	39.93988974	159.822723	39.3419643225
120.4979147	46.97235418	52.191441	39.3369040119
247.9719359	34.52011255	164.946411	39.3341467732
120.0852691	38.38174454	32.810898	39.3122202153
133.6193203	53.4051163	117.696373	39.276759995
238.5777696	43.3946265	80.767784	39.2330096243
175.4773515	8.13193464	2.269509	39.2275626451
146.9503113	33.61932245	137.833496	39.202709318
235.374902	38.34020477	23.046143	39.1511253609
174.5042856	25.75274673	57.424973	39.14738098
140.2064905	-0.52415325	117.701561	39.1466996751
171.4792861	13.2689479	21.248562	39.1431535113
180.3916419	-2.80328548	84.810593	39.1296772642
214.9972538	11.6577337	51.873569	39.1229995607
141.0715251	63.1360079	126.801521	39.1055864733
173.2570317	51.19911248	35.356728	39.0636291275
181.351551	39.62916456	176.754211	39.0568225054
196.142093	5.77862521	10.723844	39.0388216651
249.5090027	11.70217845	107.029068	39.0199079481
207.6850806	4.43284737	159.01651	39.0175083156
231.7393849	18.79897999	10.47464	39.0029039007
203.4119053	39.62932736	117.002037	38.9129205425
212.1044808	17.94119445	96.703583	38.8989001408
200.1002013	4.22374935	132.055435	38.8968447493
250.042346	30.26840421	114.454628	38.8965022567
116.6081392	36.19198584	138.352203	38.8862796562
114.5611752	42.14614161	129.352051	38.8848318954
257.0049406	23.04399092	152.972565	38.8677290617
131.9048879	46.64189567	95.973549	38.8554534896
164.790997	17.43467902	110.7276	38.8034965869
246.1267719	9.30609003	143.556122	38.7981684684
248.8495659	15.49320971	165.078201	38.7887479213
210.7611206	7.89877865	129.801987	38.7837059444
149.5934096	69.22526893	158.91922	38.7602477084
190.4363696	2.22386549	25.563639	38.7417235976
123.3119196	48.92948872	168.509888	38.7400193025
112.4805493	40.71288744	105.571602	38.7287062569
122.9076493	20.72551741	85.383751	38.7228417489
207.1620856	26.07275127	74.446312	38.690654298
145.4591847	45.81302092	145.335205	38.6859201159
172.1287898	1.53197956	165.896851	38.6780634085
135.5270482	52.03850132	81.339653	38.6670947381
198.3880786	52.69733549	55.321453	38.6448052845
193.9358858	31.95804601	31.293747	38.6317604096
126.4323956	6.58354591	40.944508	38.6228407898
174.4743779	20.50868645	69.213997	38.5861014937
120.1295282	11.15045306	97.452751	38.5785429584
120.9521446	17.59113845	129.185272	38.5709621007
176.3905739	23.29568901	101.64373	38.5238860139
127.6996125	57.62325568	169.213806	38.5210802761
171.3656475	32.71088355	113.922218	38.5195405483
235.7312533	35.88044512	63.061417	38.4744143872
234.904385	0.5138658	13.640082	38.4324352997
135.830585	21.92671951	7.66633	38.423928078
229.287928	20.26579954	163.21286	38.3787215072
124.8780934	7.27821388	105.842453	38.3781476561
181.6970877	26.31302336	112.334053	38.3654264637
119.6323813	14.45938602	136.575104	38.359336807
210.1773172	25.47466232	1.096405	38.3426568737
213.1336391	8.67564017	69.342186	38.3420066075
121.7610629	20.55711728	6.32519	38.282735173
215.7489293	17.43687607	50.033386	38.2472892073
144.8178335	0.1355937	129.2603	38.2060484132
126.0730972	6.25810275	159.691116	38.1914488764
119.2085893	25.1829724	15.300788	38.1472200693
177.1953735	56.89913505	106.897614	38.1413124807
254.4659486	22.84743086	89.677673	38.0757675846
202.4997919	27.08293292	32.161827	38.0726325206
237.7766353	24.3558273	63.040787	38.0634165557
179.3448389	2.08782517	39.618927	38.0527808883
253.1346377	20.65219683	98.024887	37.9792554845
250.6918249	24.7623826	3.961746	37.9764557791
138.8808876	21.49131065	37.6036	37.9387351558
240.2718632	30.86483759	55.067997	37.9218707427
169.6526582	17.15388586	141.985504	37.9057306927
212.9216923	20.29622059	22.976667	37.8879827649
173.1283477	57.52037808	162.46817	37.8860134329
131.5086153	51.36918367	92.211967	37.8846161822
127.6165053	45.79350629	54.178177	37.8843037216
190.1093651	2.70823536	88.312653	37.8829692973
149.9845427	6.27606289	42.166599	37.8585455147
162.788254	13.95788341	125.917343	37.8505966337
179.0490649	33.20058036	110.009819	37.8290547278
242.419073	20.70010047	121.046661	37.7842559618
160.5971826	9.7059401	54.898762	37.7754851373
241.6514331	13.06286715	37.593712	37.772980076
132.7614116	34.14345338	63.068649	37.7643318188
141.4063027	27.61834256	7.90029	37.7402064226
166.7401387	23.80771022	64.361359	37.7209785527
197.8902186	3.88955468	63.956287	37.7132145391
206.763686	20.70493469	162.441498	37.7049598464
172.9302988	40.08157681	168.157944	37.6957082189
160.3170849	20.87984879	77.206665	37.6439216013
242.2810291	7.20110652	13.773399	37.6333193375
207.7130857	12.82052169	168.920547	37.6138391581
161.3064294	9.64326011	39.513268	37.6130507659
138.3475207	10.11271719	107.967972	37.5513729823
230.9360218	1.78322089	109.806358	37.5511286402
134.3934842	55.14184139	138.33316	37.5406153349
189.6957584	16.73660399	165.612976	37.5171560954
230.8665056	8.41820021	125.456757	37.515370235
170.631962	25.15564611	176.406372	37.5115637466
113.1847085	39.14051325	17.463957	37.4914389636
120.5130993	10.74326902	89.304581	37.488433227
230.9069113	22.52284329	94.117958	37.4781186748
138.6911236	24.89286521	37.946079	37.4605474243
122.0625169	29.32323806	155.812347	37.442837223
125.0841621	20.82102193	9.647989	37.4376464586
255.3020319	24.94898123	77.562271	37.4289515547
126.0642926	19.31563249	37.485386	37.4269065823
143.5666753	64.45212272	133.599854	37.4207222532
233.2412833	52.2495375	53.846542	37.4179591184
235.7753736	31.48795435	62.968571	37.4160826776
230.4409655	33.69501001	163.355759	37.410979172
253.9966784	31.6084586	45.524078	37.3979589606
133.4704657	5.57233624	128.058975	37.3811648857
172.7857363	13.33440051	162.441818	37.3786434168
254.0756601	35.19440206	92.574409	37.3726266039
234.5220721	39.33994014	103.04818	37.3493069772
168.2331429	48.45218073	107.813904	37.3434705367
229.6835043	12.04270478	177.453079	37.3377161886
233.706766	22.94262531	29.841911	37.3213993254
204.7792931	58.11353822	154.116516	37.3050233329
241.4174663	22.50679233	51.061218	37.2757079611
212.4125095	65.62380675	88.237091	37.2420029616
171.2428975	29.45140134	54.68248	37.1830879345
120.8756903	13.12968397	8.543292	37.1803327052
236.562754	30.95491947	154.584488	37.1738277031
249.2522145	34.81451986	143.867722	37.1557355788
243.3135452	17.40857167	9.363022	37.1541945667
206.4599305	14.18398128	15.87291	37.1364663611
238.0442749	50.52655234	4.407059	37.1242133337
173.7621209	9.95529001	53.28027	37.1055740914
210.8963574	48.30119439	12.230133	37.033979391
168.6438157	20.57621101	173.055847	37.0042062361
246.2343928	33.00379124	97.546677	36.9805831283
175.1634244	39.37518688	132.271011	36.9795013748
172.3952655	23.89887955	33.252853	36.9782297822
197.4247716	-2.68317213	172.996796	36.9736598074
208.018282	15.97413831	136.379166	36.9703552961
199.1769738	48.04823309	35.645657	36.9584065431
244.6694031	6.25096779	91.085754	36.9442495975
130.5907294	62.11832233	81.03949	36.9405110896
135.3502391	52.5894705	100.311058	36.9330394375
218.0352411	19.18042432	107.671043	36.8826625518
190.6712	-2.12230918	95.606171	36.8690066003
120.0406612	23.4825799	118.884979	36.8437380135
167.1733749	37.30160218	72.310486	36.7919848388
158.2986452	16.45913766	98.679573	36.7790874834
123.7290136	16.91576221	167.480774	36.7732180504
208.6609667	10.46615805	143.21936	36.7619513204
193.5111426	55.73627042	89.129623	36.7394829491
134.2550709	9.73188847	171.761353	36.7326335069
235.7992852	10.289513	10.954468	36.7199605593
125.8968897	52.06943859	30.751009	36.710593771
146.4636531	45.23472224	50.252617	36.7103966448
184.1906219	15.496062	76.602089	36.7028467468
123.0179708	22.97163978	19.26473	36.6984068156
223.2562034	19.75968786	137.838867	36.6588836631
194.2370455	57.58561127	93.689949	36.6445128572
244.0509832	16.84568967	33.586346	36.6392175566
129.4373899	9.55416311	133.115646	36.6183294008
112.1595568	38.21442292	56.87698	36.6166809805
133.343345	27.48960159	24.319174	36.6111597964
233.3335547	11.73144184	18.082035	36.5907067742
174.5542685	48.98313228	120.761658	36.5772798687
117.492519	19.6135289	46.947193	36.541392642
217.7656807	59.75741261	144.224457	36.5372515974
139.7602561	58.76761845	82.349518	36.5118455445
230.0149471	13.48763611	105.194328	36.509781318
125.8756509	32.49155843	172.52301	36.5077090599
114.2079007	46.17746395	25.045864	36.4869927646
128.2212943	37.54843774	21.137938	36.4702926984
206.049072	32.95406293	178.667801	36.4550838533
238.860678	17.89030769	155.774811	36.4485209187
212.8116947	16.06352238	27.698116	36.4316027086
180.9426951	31.807223	71.957153	36.4293511223
184.4299843	28.16335918	93.899605	36.3928170758
218.4364486	26.17100731	52.444981	36.3653453399
156.162393	32.65957507	37.772408	36.3649073325
229.9625128	12.91807024	34.856575	36.3569606301
224.9692564	-1.71924268	75.261757	36.3301400575
114.5210046	44.92953693	94.00882	36.302259039
242.0353327	21.51993229	46.168442	36.2995185055
215.7343792	54.66865818	61.528931	36.289097701
246.2990126	25.87624759	107.064796	36.2739209815
218.3561944	12.52407128	42.08765	36.2712468459
209.8676212	37.39664941	93.587997	36.2692471205
158.160111	56.37651078	73.254898	36.245352691
154.3903555	16.18923841	74.322517	36.2089828267
125.3602808	38.85422405	116.995552	36.1974306727
197.981635	3.17259375	166.136826	36.1368774125
256.9176677	23.51450421	139.999969	36.1020582486
139.7350542	25.87538195	165.817047	36.0850220757
136.2949308	40.06264059	175.491608	36.0560415336
121.3619144	47.70047957	132.048401	36.0391807052
171.3781981	16.23665374	149.842117	35.9969189836
146.754759	45.83146345	18.697968	35.9893748901
250.420127	28.52266335	57.712238	35.9413481205
197.1736798	19.86797823	45.940666	35.9412036845
120.0075501	28.57812868	92.385887	35.9287605198
162.2784826	7.17804096	105.224083	35.9244843067
231.5501821	14.10081873	35.393688	35.9186377761
239.3676262	14.15845655	41.139702	35.909952383
136.3453031	8.74798028	38.780914	35.9069666864
174.2602489	24.86966598	151.779465	35.8831954081
113.8892498	42.68409396	76.635277	35.8696162199
113.980964	31.86509653	101.869591	35.8283628449
142.0412579	6.61791447	9.514036	35.8197459507
238.5640103	32.48181055	31.677444	35.8033258682
198.0286844	33.03835343	124.380867	35.8001342159
217.462426	-1.38306872	49.602139	35.786322417
217.2025081	-2.62055533	144.661011	35.762026964
148.5186109	52.0893438	105.340569	35.754564483
226.2024395	3.09123009	112.902443	35.7361633071
211.3940082	30.42390942	101.232513	35.7313628559
157.7975323	18.22511245	153.227127	35.6820318284
247.4176421	37.03249116	157.304855	35.6325005535
219.3764783	24.87073418	170.2686	35.6266339612
159.7615539	9.66218666	82.070709	35.5535800626
214.3287655	4.28893189	80.239731	35.5471170018
188.9073166	-2.72903555	38.343994	35.5422566926
236.7391365	19.45338403	146.838638	35.4950746256
120.7520745	48.05410031	139.461639	35.4894799678
128.3938479	5.46349591	124.142189	35.4865579515
186.4408208	15.28634645	36.257423	35.4793486619
119.7836525	13.74091518	22.132576	35.432219804
192.894266	10.06730025	22.43228	35.4300232508
232.2676407	11.90787197	58.973721	35.4103437552
206.6786929	9.579344	58.910469	35.3960174886
199.8867444	16.87991903	174.418518	35.3959319125
236.176575	0.91950754	91.402069	35.376202942
131.4779077	28.63892261	34.953644	35.3390270285
193.4916711	23.46890847	138.044128	35.3360093263
147.1298669	11.61508013	78.59713	35.3273764679
249.468551	11.52537321	149.046143	35.3205217541
156.2684389	34.67999224	76.865028	35.3079484284
222.3384892	0.52423423	86.181892	35.2877737712
141.7034923	28.2538933	154.31842	35.2567615426
126.0280326	27.0894535	124.102966	35.2266432061
240.2215693	16.42161143	118.247757	35.1954290938
194.2620193	-3.01935323	65.253151	35.1813505266
127.0443186	10.27405737	116.582764	35.1789496761
118.5638234	26.20009475	8.355622	35.1546686723
135.7881368	34.09473083	25.51366	35.1217217651
218.0667165	42.92626948	164.504211	35.1195536274
195.1321964	40.88517338	131.309967	35.0828024647
232.9393857	-1.7089965	53.418747	35.082272025
176.9481949	-0.11887666	0.306672	35.0748234997
158.0683116	31.29580935	177.185608	35.0587089495
225.152147	14.42358797	17.627438	35.0565351095
139.6170758	10.22970078	94.629562	35.0401646136
245.0384699	10.29592004	1.900009	35.0397115789
235.326293	33.71471482	116.458817	35.0205626208
127.8224763	9.10029948	107.436012	35.0138951073
221.5466083	6.01699815	176.185562	35.0008354195
248.7894181	21.51112264	78.303513	34.9860822113
198.9253104	-3.23564705	0.562641	34.9725439449
241.9942426	44.98449794	111.304298	34.9429056491
137.8117671	39.36640557	63.846176	34.9344887343
152.097242	49.14309309	163.030762	34.9249843183
217.614134	20.49710452	99.507179	34.9107639648
119.6113831	53.13546213	98.330406	34.8933529993
186.5403187	3.4610855	85.268799	34.8906281256
134.5303536	60.09127197	118.726288	34.8880136121
158.9663524	21.05013362	125.072922	34.8841196469
200.8507723	51.54080978	176.186417	34.8742760178
196.783167	52.43172949	179.338242	34.8586630712
161.8010412	47.93711479	21.419672	34.8584096948
234.8422662	0.50727303	139.163422	34.8542133199
119.8711496	12.41346448	75.425194	34.8329550422
127.172492	50.29781428	99.35981	34.8264980382
195.613821	30.27299391	169.997391	34.8031227508
152.4524246	24.80876124	79.846268	34.8019963189
213.4669461	33.76003462	47.951862	34.7663521727
191.8160768	28.29519439	136.123627	34.7637682724
116.6774969	25.34135657	27.512642	34.7516080494
114.2938347	42.99632393	125.276062	34.7477464614
130.9482048	35.96853932	20.153477	34.7264292592
212.2533966	33.79792963	112.601303	34.7109717598
114.5970851	38.61996332	160.624603	34.7020888472
232.5659916	34.86217416	51.212624	34.6969243605
249.8042187	35.37581909	113.518646	34.6920850736
158.318445	21.30505445	50.845264	34.6625958409
215.7342331	0.4508619	105.456413	34.6522938007
183.6224415	60.95007138	77.598595	34.6502524659
206.8432954	21.90506542	43.270363	34.6235475592
165.1722995	3.2211875	120.019333	34.6155405043
115.3367322	43.00158273	101.477287	34.6125781611
140.3767721	64.19929945	155.077087	34.6096258033
239.501065	8.11913282	133.811218	34.5923081793
193.3366445	22.78440071	38.936604	34.5686574769
245.1917484	10.98021985	20.729177	34.5623787643
121.0870314	28.91852938	108.087357	34.534344444
129.2465434	55.55796446	76.340836	34.5279827034
164.9781976	8.00610434	80.714844	34.5148011657
229.6879259	10.58714242	94.441971	34.5120041523
174.2931135	19.7894593	33.50996	34.5083311581
119.5926559	54.51758737	167.494141	34.4857922737
243.5104507	16.90090708	168.258148	34.4797000062
222.0958	5.46924042	41.561729	34.4533675411
250.4995291	34.2355504	51.558392	34.4382464136
245.6166808	30.55701842	157.542374	34.4249268885
223.6675852	29.82846274	138.818954	34.4240518233
131.1034501	13.62148814	154.41394	34.408276772
156.8947637	9.81516466	45.217537	34.3914626282
119.4350595	21.07578669	119.632103	34.3908807103
141.8834701	-0.39413548	69.533737	34.3838342152
214.2921248	10.57106117	114.180733	34.3327383452
235.5995477	9.97560213	149.183273	34.3252286584
224.8590043	62.7982206	56.595863	34.3237847463
190.6803396	42.89207744	1.367676	34.320267914
114.0570324	43.00487672	61.064201	34.3196582016
252.4991528	29.66281749	85.46875	34.3069773736
121.1036554	8.26059766	75.309845	34.2857192159
237.1332209	27.393956	155.306519	34.285349822
200.7283985	18.77417126	79.943726	34.2555691561
127.8580967	18.26788464	177.841736	34.2298161741
158.2706087	57.78950872	0.149833	34.2255120541
219.2662731	13.65980598	16.031137	34.219781346
128.4322525	42.65023543	143.69165	34.2142386677
218.7724013	41.73760743	30.482262	34.1457772914
167.2346965	8.03008434	12.163061	34.1274923696
114.1283548	45.81497165	19.998018	34.0997868031
120.3682089	23.5164424	31.361977	34.0503008608
230.1520081	13.56871753	138.218826	34.0395754804
181.2552822	20.5475285	1.524162	34.0270120777
117.9348918	19.95160288	147.437408	33.9890550871
131.7943664	9.6018019	89.656364	33.9886256993
149.954165	25.3739067	161.814606	33.9653983686
207.0230484	18.54787983	50.585278	33.9433391087
209.3820823	3.0131643	7.692978	33.9170863262
144.4218848	20.89182216	171.23349	33.9168951154
193.551176	18.95148903	150.101044	33.8901078497
226.2213394	15.70906902	28.104399	33.8865047038
198.8435148	46.26783874	34.592186	33.8405984656
140.2158841	64.1998253	144.621399	33.8180713512
224.2606439	31.32433515	108.488571	33.8170272643
134.1404419	34.62067308	160.733337	33.8136344552
132.4078659	39.28490749	5.806573	33.804766087
178.082535	-3.1481385	119.76503	33.7818276682
123.9113408	17.39045077	6.7919	33.766012513
138.5133288	17.01534266	6.501843	33.6910959548
231.0651865	15.88141761	112.044601	33.6797962601
257.4460773	35.21812313	70.499748	33.6634253473
248.6362748	24.08649102	150.222275	33.6618244141
227.376353	19.37866761	80.367157	33.6543618824
241.1278663	14.82217141	64.11274	33.6449041102
217.3237693	21.08394628	173.18544	33.6416245274
190.5925609	39.90707795	100.08506	33.6161897674
119.2587241	17.43649232	104.653793	33.6136265163
228.9759498	36.2668674	111.482224	33.6044582045
224.6013248	18.77234635	2.071182	33.6007349998
231.2640218	3.2385076	48.472939	33.5933489463
202.0618655	42.70500953	103.151138	33.5932669392
176.9724348	36.77275975	119.007446	33.5343144228
140.4130916	48.74224393	14.201448	33.5332861554
243.5563887	21.97496601	95.024582	33.5283115777
140.6509751	25.42345643	121.721741	33.5217811456
144.4011905	0.71888744	63.797668	33.4686974586
246.2736243	16.8260784	92.206596	33.4608002817
229.20517	0.01262922	23.48967	33.4458545307
202.0866901	38.99444074	175.682465	33.4422850973
216.5821898	6.6472808	137.523483	33.4087829532
166.4950851	58.60345282	30.814995	33.4072409232
193.9615756	-2.68613883	124.978348	33.3987433298
242.2453323	11.02442008	8.467987	33.3953397746
245.4914142	23.81075073	93.75724	33.3936055231
163.8466624	29.69305058	59.575306	33.386828293
190.6435958	35.55780081	27.592279	33.2953727341
146.9540285	48.8990434	79.449402	33.269336536
121.8138946	27.69012332	40.409035	33.2196081534
197.8195611	-1.4853144	93.403931	33.1663215957
163.9256727	42.76878076	9.661347	33.1544818318
212.4781647	9.2207019	135.124268	33.1543405176
233.5447517	12.80806542	100.450996	33.0871671829
128.5854873	16.9509296	172.096527	33.0864443524
226.3296271	8.10980046	30.551195	33.0755013318
160.3225668	28.89417724	153.454742	33.0629619684
149.6220146	67.98658147	172.528687	33.0582892322
230.6462786	32.3640093	120.001534	33.0499097684
120.911042	22.01460009	4.712748	33.037335715
149.8962923	18.41014696	158.100494	33.0287892705
212.3066835	34.64979815	29.227211	33.0041376161
192.8876812	10.47541667	7.359626	32.9906780417
162.3646086	33.8935084	46.079334	32.9868250754
232.1832732	7.9083191	156.192566	32.9711273684
208.4181416	7.29193359	111.811012	32.9694498265
198.41062	38.21145801	120.755249	32.9669262293
158.3186012	34.29946258	36.953106	32.9637379232
239.8014459	13.27614343	152.348984	32.9361048904
117.4362336	50.57643163	47.906239	32.926960046
209.4723251	6.71623865	79.767792	32.9168565405
249.1115889	25.37698257	142.924438	32.9083406055
257.2636022	36.50443644	72.806305	32.9035332092
240.218364	26.78361326	150.426086	32.8877171098
133.0191411	22.9482944	131.758347	32.881079613
143.0237906	19.14344398	178.651947	32.8724219073
208.8983908	20.01619665	117.099823	32.8563389912
238.9161828	38.92327203	55.003811	32.841957685
196.3369185	-1.69393253	94.490967	32.8350677534
225.1946642	54.88308906	53.735619	32.8260085436
145.6389195	28.1596421	59.858814	32.8106869218
129.3535719	11.07145415	90.694626	32.7855183738
135.1283769	1.34584369	158.839676	32.7808901903
232.3483032	40.40196543	117.760689	32.7792204136
194.1543427	48.04417756	54.967731	32.7332753039
147.995052	37.38523553	145.052795	32.6729202441
127.4977248	50.03487458	140.047577	32.6722334454
170.0225333	19.60288489	93.482964	32.6666206182
237.4036573	0.21287149	132.839035	32.6485123145
221.6166914	33.76992925	52.98233	32.6434516794
164.784031	34.70276347	85.751503	32.6434454792
149.030846	23.01683868	77.301147	32.617300503
116.6747944	31.44587732	167.161072	32.6018796937
248.5483659	13.28784024	99.434288	32.5922711566
177.3967799	8.76945678	174.521347	32.5911978988
125.8928575	24.52655394	57.854397	32.5778950351
182.5916441	12.63509268	52.263432	32.5598620191
116.4828835	25.43455487	54.251347	32.5160581484
213.500887	34.1225404	179.614502	32.5154347289
142.3612351	51.90273332	45.292908	32.4996745574
123.7382381	24.09551101	132.142288	32.4847532203
227.6957298	36.77879341	114.131317	32.4700599403
229.7434564	56.46846413	77.737221	32.4578851686
151.5378631	25.54028906	15.681422	32.4439121246
208.5967329	25.72078	71.463585	32.4410153252
119.6311103	40.3036794	126.038116	32.4403183347
152.609332	47.07180508	46.135841	32.4393626103
128.0704144	25.97173154	90.904999	32.3825962557
229.8268488	45.39696541	36.111927	32.36319327
247.8479746	18.38030117	82.202873	32.3602555574
225.3526967	8.92988357	41.891037	32.3585094695
117.5183013	35.85739215	25.748043	32.3561195242
256.6596176	33.6973262	161.418213	32.3284539971
148.073289	56.78563129	95.134056	32.2897545379
214.4875838	21.82902991	68.8339	32.2851641768
119.0774285	37.89945311	178.142151	32.2822540418
205.341675	52.84026745	21.894478	32.2810385175
197.782494	4.06052165	122.3451	32.273557202
221.3952472	3.98425623	40.497471	32.2681493288
134.0328583	1.27503771	130.065582	32.2641650793
197.4988961	30.36906253	56.800911	32.2277274977
211.0973295	17.7776009	179.352997	32.2121838693
168.6284572	57.67436893	147.091461	32.1786301192
114.7964389	29.442617	13.359157	32.1775272866
214.561029	44.36070658	128.420853	32.1756087866
231.8569152	-0.85290255	121.164146	32.1719218931
226.8394393	10.90428828	174.823303	32.1662330393
236.5274228	25.26132618	147.722595	32.1526528873
176.4461917	23.9727373	143.70694	32.1149523624
231.4945332	57.71708781	139.239166	32.108150611
119.6698492	53.57336484	75.033417	32.0985562845
141.6633486	42.92911006	57.890522	32.0796831025
251.3034518	38.93316828	52.27211	32.0560497231
140.322068	10.67191622	50.633621	32.0361431777
136.0541916	6.66223855	155.730179	32.0162466756
218.3045557	11.83337371	113.355522	32.007388238
213.3383227	39.08332971	178.708099	32.0033543531
230.4417124	10.42011421	143.667923	32.0032876335
170.019169	12.08913548	45.045307	31.9528262321
194.7253216	62.72891598	157.853348	31.9409963328
119.5878585	21.94179764	45.542564	31.9361239912
223.4423898	16.60784667	94.84066	31.9265092634
194.6449771	56.07259084	168.527786	31.9094904785
187.27567	3.64280504	135.076767	31.9001420196
146.2844256	14.02489464	64.406609	31.8850400167
237.2513461	44.06683595	143.121887	31.8832547948
211.2936101	13.22589488	11.975878	31.8710020083
219.5004891	38.38420547	87.157959	31.8618505395
162.0344063	47.62419634	21.930002	31.8520733699
129.2539685	27.95709224	31.19973	31.8467491171
143.6769313	4.23544431	129.066635	31.7933060483
153.1923538	27.8605407	6.08404	31.7793840698
230.1411774	10.27774381	9.336182	31.7757060178
149.6197352	37.86372256	129.321991	31.7497153091
171.8760925	41.07184754	135.726471	31.7432541643
198.4362676	31.16034665	71.382164	31.7174552871
124.0387287	26.95515156	21.496428	31.6787093419
130.0255028	13.13679641	72.645538	31.6684339553
162.9077061	-0.4989669	120.301483	31.6456143291
242.8826468	19.14023787	94.959541	31.6205482155
216.4063359	34.74114919	3.727768	31.5970876619
245.9572878	7.14775755	73.343483	31.5956682829
224.108124	24.37160309	163.257751	31.5408655183
134.1047227	27.67915007	134.776093	31.535458058
128.7583822	8.53678913	159.998901	31.5279702666
240.6060837	11.44721641	102.050774	31.5169808
192.3027295	-1.86328534	111.101334	31.4978175681
200.0539567	18.70840257	122.015213	31.4817322644
256.6513187	35.00186725	43.45047	31.4706401572
256.6513187	35.00186725	43.45047	31.4706401572
150.0909975	61.67389717	159.191315	31.4354774416
145.7242375	29.71653794	137.668976	31.4266353104
208.3935165	46.52410652	33.851414	31.3996493895
177.9165113	13.20931688	49.597595	31.3994167381
200.4932003	40.30463384	64.609421	31.3674216493
144.3585326	40.07486779	146.59584	31.3666150794
209.7550926	-3.33525018	85.610886	31.3559988914
252.7482866	33.4391987	81.484718	31.3457072183
219.6119381	-1.66266721	88.39093	31.3371000651
115.9819023	23.85006605	90.078011	31.3171407154
127.0252003	35.0781132	38.900352	31.3054316939
125.8146915	26.93297225	79.671242	31.2966768966
229.4678952	13.93873693	167.877808	31.2344779186
224.8873188	10.78000894	1.231506	31.2195553797
224.2924397	40.8002045	31.958693	31.2073319415
189.3372653	15.37221882	38.019321	31.206591429
208.8493822	28.67711085	162.184036	31.1870492442
210.0167752	8.96601702	81.128441	31.1766773169
160.8756054	33.90132998	118.023109	31.1562859421
212.6351506	45.55401389	8.582718	31.1447311626
182.643696	33.49937496	62.770496	31.1320934642
223.2519145	14.42585967	173.622314	31.1178852513
176.690785	44.76645928	72.602798	31.1151404552
217.1154922	16.21232679	23.362694	31.1103186262
182.7642976	15.7392062	30.078125	31.1047596458
129.9955827	50.61955737	104.614052	31.0744254592
154.789892	0.62515582	153.183273	31.0558675816
195.7387722	14.71417641	48.285126	31.0298292357
247.8738363	17.68184005	125.909462	31.017762936
147.895247	44.81953338	53.284775	31.0110383056
167.7277509	55.44424101	126.641663	30.9676373319
162.3031799	29.51979906	122.109512	30.9471773642
127.5353045	29.91266549	143.008026	30.9440481711
206.4137243	15.9308403	10.007721	30.9137137787
213.0058638	14.8035883	141.746078	30.8875359678
234.8065028	3.74368661	176.470779	30.8660865903
140.2710054	57.041602	143.491699	30.8216621014
224.9286232	53.35305444	57.268501	30.819181038
230.4779779	8.91176222	80.600471	30.8125479125
246.2502597	17.30713615	4.756592	30.7958854863
137.8926864	20.83458643	97.516266	30.7754211273
135.184828	3.80204135	84.397316	30.7722130945
240.9068733	23.19909764	135.851044	30.76820145
210.9925338	24.6687563	114.672943	30.7556629004
259.579963	29.9808921	0.538544	30.7438182129
237.5661408	3.64546517	53.551167	30.7407020986
173.9733979	38.00603134	133.228333	30.7346214342
185.8383351	15.86836448	106.335419	30.7215666225
142.6624296	43.10239483	42.215496	30.7134766209
181.1002782	4.91899473	73.752426	30.6436644392
250.5357249	38.32753724	49.521866	30.6063959492
115.4513362	49.25418708	132.078339	30.5962706763
126.8773488	43.5472589	140.261566	30.5804657303
122.9207158	23.1533462	173.604309	30.5581151455
238.9603772	9.12791594	98.381577	30.5243225806
208.3987129	32.23539367	173.112579	30.5102971352
114.4176437	27.02429886	62.364311	30.5039085052
245.1914797	14.3549888	61.371273	30.4798210129
209.8319208	64.05311949	48.739452	30.4236647301
129.3260335	19.38415178	15.016197	30.4133840694
246.4977413	20.47554524	62.761658	30.3920156447
125.765291	51.20571847	104.721329	30.3615444305
132.8444307	4.60835985	82.316826	30.345937324
216.2756781	18.18975614	86.505363	30.3435882995
211.5543521	23.48116187	40.199936	30.3404104109
185.4809909	6.63802879	150.605667	30.3312861452
197.0623796	12.16912802	74.607918	30.3115515405
214.7692046	46.42376253	125.909203	30.3059654783
126.5578275	24.53519429	96.251648	30.2812698942
234.9031414	44.62354637	125.50843	30.2536841173
124.8522315	14.59265378	139.019073	30.2010067746
140.3085258	10.73751733	64.421928	30.1911059099
141.0281662	13.92536846	155.722168	30.1823708339
126.5328918	23.68275547	146.198746	30.169300951
139.7276358	19.88907098	17.836538	30.1441777383
172.3299816	6.29817376	138.253586	30.096502694
256.2703487	22.53174247	5.524429	30.0741640393
225.6952205	33.98840943	176.048874	30.0706250129
162.3368077	43.9763649	178.5802	30.0427073563
152.7095565	24.9787114	95.581665	29.987205053
174.2340401	15.88011985	14.871637	29.9784957285
150.0189047	25.64483351	10.800333	29.9612845324
226.9754058	24.19116576	96.88736	29.9385111312
218.639067	52.17620406	76.042953	29.917531028
213.7785396	9.4031297	84.848251	29.9159576832
195.4161494	25.25940761	136.457413	29.8471329019
150.0372758	43.20613484	20.561979	29.8466148751
136.5933049	11.08917825	11.382289	29.8436608599
161.1332375	57.12158306	106.118317	29.8351892585
187.4155895	5.38161479	113.630798	29.8330573594
125.8238047	27.08774429	68.183823	29.8262952375
117.4247571	45.02582797	138.198608	29.8112329105
165.7680766	1.61417031	30.248676	29.8043272504
237.7746087	9.19564675	52.4534	29.7802752334
121.2710646	50.42097233	118.331886	29.7790550336
134.8795802	13.88565317	102.346764	29.7652100373
248.0830179	48.12249086	82.402054	29.7644953955
183.5790783	7.81730554	89.152954	29.7559092719
218.7373271	53.97932268	63.75412	29.7404705306
135.3118067	45.86793649	53.42062	29.7234339452
241.199234	17.55449317	94.554749	29.7068693036
147.4355592	18.16845065	92.859283	29.7027846858
227.1512682	-2.71187924	135.919205	29.696782981
115.7142586	44.86183719	172.625854	29.6962225207
132.646505	10.89716623	72.888702	29.5961391981
139.5871343	52.84093479	159.858459	29.5913685765
172.4056939	25.62872984	29.184282	29.5683117709
169.256998	16.03356371	138.295578	29.5137620897
121.8982671	20.94202862	105.403801	29.5104580342
119.7821301	33.47573614	31.381304	29.4987618377
133.2851793	10.15043229	86.430756	29.4942377754
200.6254012	15.06571536	55.60714	29.4511261136
141.9817591	8.95887072	116.200562	29.439406927
217.8316203	35.20505395	128.385956	29.4263233119
215.2802574	47.98869271	151.618347	29.4206074004
127.0528203	17.54677356	47.543938	29.4096299053
127.6900604	35.35887268	65.902977	29.3967223465
149.0072199	2.26218986	72.951454	29.3887263243
123.2366523	19.61261215	177.39389	29.3703626218
170.6515056	23.78501035	134.784119	29.3664471842
158.2723093	24.65312144	93.069115	29.3114281648
222.0088961	45.11666228	153.762207	29.3085265655
234.4241755	32.44941323	65.91256	29.3004871787
140.4445062	66.10733449	24.215137	29.3003199356
124.7491489	22.99002472	10.199969	29.2976063522
198.286745	32.6645189	145.670654	29.2932568785
190.320923	37.37854151	23.426874	29.2795043927
136.4107309	2.42520225	82.099342	29.2737859609
152.538916	38.84855926	76.698456	29.2548244726
207.4113382	21.70698814	148.049088	29.243715327
216.1695458	29.21398771	179.642868	29.2285424421
233.4859512	18.36692644	77.951897	29.2151414927
122.4197023	29.77896358	18.276104	29.2006823491
135.2407852	-0.47285795	163.020462	29.1662553753
122.9758248	14.35837853	157.089081	29.1656347059
198.22895	7.53487097	135.787231	29.1362422252
234.7795663	43.38959703	20.796036	29.11636586
195.8992862	52.66650188	46.020683	29.0937532686
243.2159308	31.05314673	176.795547	29.0742294222
164.8905643	25.34276744	16.15415	29.0643058725
123.2365467	10.13734108	179.90744	29.0582549831
110.9629888	37.85559845	86.967461	29.0542103703
247.9736773	28.9937701	31.570053	29.0433417122
233.3379469	-2.22630082	1.315935	28.9876611418
195.8511628	46.1970985	118.51474	28.9358252543
200.3632561	18.08797094	39.444408	28.9198362306
123.4835754	45.23206571	106.172699	28.8684484753
249.4896317	22.07873898	95.544945	28.8366258403
218.56052	29.37190289	61.067535	28.826027737
119.9688196	27.48454814	7.993459	28.805703731
220.2847266	29.2866641	62.255489	28.8051855979
191.7599569	0.48085483	80.649979	28.7875177049
218.2202442	41.44311904	165.500626	28.779816852
191.4847003	32.47747759	66.780952	28.7693634582
121.2672236	9.2495226	50.085957	28.7485469785
139.1132126	20.32199198	6.709244	28.7321392147
224.9952504	10.6335436	125.981079	28.7287730775
177.5050068	37.31354559	150.012222	28.7063617971
190.0265461	6.24209312	149.377777	28.704286416
242.9851575	20.2151411	160.705643	28.6989922581
191.9000647	13.70318355	99.23439	28.6835032728
231.766111	23.01462874	152.265808	28.680611713
226.425813	41.8394713	157.245544	28.6615218162
217.4201618	21.17629	118.679733	28.6541661849
227.6249615	32.87385496	75.041061	28.6487597281
210.0138976	6.57606981	121.094063	28.6380824925
112.1911214	39.61498454	59.073071	28.6338182143
197.6933311	20.49443644	14.489168	28.6074235658
117.5367684	28.36260023	179.815063	28.603824542
147.2968071	59.82994171	91.85994	28.5874723508
168.2765994	62.53650948	130.663223	28.5722488801
130.843546	13.5315212	106.013168	28.5705670943
227.9196426	6.51900487	47.408524	28.5632273555
238.4743698	6.13856579	88.981262	28.5624580061
153.5377282	30.96619995	147.558563	28.5383817391
146.9730816	19.19318366	96.72789	28.5114726343
123.8760844	7.82354946	100.87989	28.474524927
211.0599633	53.53773133	150.269745	28.4487745238
135.3271928	11.09957444	20.65476	28.4455086849
111.5505165	41.5247742	101.804497	28.4250185058
123.6745428	8.28130136	110.313881	28.3723828882
214.8699069	-0.27748525	68.810974	28.3669043017
193.8603394	10.82448863	38.026115	28.3403726545
245.3981404	15.72274406	97.724976	28.3300386812
194.5999453	33.11453305	140.067169	28.3288240915
218.1849679	3.76758881	163.071426	28.3103889477
260.3835498	27.15716411	123.690071	28.25751758
165.800558	13.34236412	45.929123	28.2544901812
241.6111705	28.31399562	55.697884	28.25099388
162.6687247	57.96408606	37.35659	28.2490873841
187.3679931	-2.67562641	87.559189	28.2386102192
136.196745	16.49227168	105.514778	28.2103653862
121.0978634	44.78551742	53.39674	28.2041963831
229.4398197	29.70726508	5.960205	28.1772276332
149.785275	21.6760381	109.770363	28.1768020335
185.5490323	43.60452418	93.79377	28.1217676432
244.5651699	12.15049805	89.456451	28.0685471833
137.1465418	2.03139379	128.495148	28.0506657185
134.8934571	37.15425479	35.169769	28.0168610391
232.1357437	8.52407341	160.12793	27.9833722071
122.856797	32.864419	6.936438	27.9806652983
174.6231832	13.924933	9.545335	27.9604934195
211.4078554	11.10102026	100.169708	27.9580874555
123.6099029	6.31258729	127.811378	27.9457397004
257.6150542	23.89210787	69.270073	27.94457722
204.1792183	0.70594225	99.904228	27.9300460817
139.1412943	37.26289946	19.012772	27.8797786526
182.7098422	61.08680019	50.848934	27.8716598236
195.3797573	23.69686634	68.352959	27.8658941259
164.3478939	12.6062472	156.337112	27.8644470211
228.82841	34.10477083	147.994034	27.8628665269
172.103877	9.68732553	145.222717	27.8287141077
232.2055715	24.02505841	170.172653	27.8173485251
121.7931245	35.47884416	145.919037	27.8151627897
254.0959002	20.19481393	73.266861	27.7931318649
191.2068288	48.73642012	35.909756	27.7884035851
168.7073137	20.53509634	78.161919	27.7832828521
143.938648	17.16397311	131.129562	27.7828896486
118.4067089	26.4881854	15.492606	27.7779608923
142.6413714	60.04952107	27.987103	27.7689861138
228.1060206	40.61972229	89.964928	27.7491828179
147.9722704	33.00360711	135.509155	27.7485154677
146.8999321	53.32160902	142.804016	27.7396974177
123.7486478	51.84567867	137.314728	27.674954236
117.4174255	26.10749936	31.250761	27.6394726951
167.6854523	21.37470976	121.389702	27.638561949
151.8489638	50.43694465	27.32272	27.6329622595
180.3465626	25.71441681	126.892197	27.6291831638
211.1923088	22.16946422	84.187897	27.6234222137
240.0534579	39.45661163	8.856415	27.5974801428
125.7025515	16.01074877	0.328997	27.5778180799
171.1703978	14.16740394	174.396118	27.5661272051
238.9460355	11.22561106	40.928009	27.5657630746
215.4298835	1.65462313	11.694861	27.5323261242
183.2005305	18.63669906	25.394657	27.532252797
238.1834046	41.76875681	168.716705	27.5148065942
125.0754075	17.73939388	67.996941	27.506262621
204.3619116	20.85765053	169.233566	27.5047052501
223.0437915	45.56709769	21.103745	27.4949644709
253.7026818	22.93605259	177.643677	27.489107302
156.101706	28.23652906	16.621864	27.4821381835
120.1046813	11.92879052	70.430191	27.4806583475
247.2225565	8.5993252	151.142609	27.4774474089
178.1581607	41.60014285	64.002289	27.4639814577
140.4340412	1.45998919	130.285065	27.4637947924
181.3651532	18.19977695	104.397827	27.4582659716
215.6995347	43.87248581	54.60754	27.4451076533
185.090846	41.2717269	83.641113	27.4414787104
229.945608	14.91065831	85.939095	27.4210831803
222.4969032	21.55331663	161.949692	27.39977677
167.9674367	42.30464194	172.760193	27.3775990572
200.0563603	61.29930603	167.419388	27.3730996232
140.4139968	10.17566823	102.282791	27.3128330816
166.5942517	50.18590736	76.775124	27.2731330839
239.3324794	3.82660683	61.565582	27.2651569294
168.8632627	17.88200089	10.720211	27.2561882401
204.1363574	57.02322461	143.326447	27.2385728261
186.3432495	23.73908794	52.863037	27.1870495333
134.7190221	8.29684378	155.93782	27.145504237
216.9287265	38.34059862	79.459442	27.1440463571
141.2766109	24.68145613	123.366791	27.1100005832
169.5242398	37.984622	10.590763	27.0962586124
207.1397163	18.95690823	2.49057	27.0704186671
198.8855168	47.33933288	166.743698	27.0602383549
135.5196901	7.1864814	79.672661	27.0482901356
243.2607969	6.66024418	41.713142	27.0298549267
254.4428961	20.43844359	35.605209	27.0218175729
225.0543752	31.66624454	59.615089	27.0126411129
123.2797169	39.14022389	110.395447	27.000062505
133.6529041	18.09804404	131.67749	26.9814662195
120.6226247	33.44370415	94.424919	26.9260903861
115.4945982	30.95389611	148.019928	26.8895490721
210.1117563	19.83365852	97.06855	26.8596433416
162.9647031	49.76689031	80.271408	26.8428665093
113.5742232	46.77766553	113.583229	26.8417824042
156.0375262	20.91770398	9.094418	26.8256849764
178.9620893	28.07781352	108.35257	26.7958094675
144.5619936	4.16211293	3.6505	26.7098941702
237.8518116	36.84041909	38.76812	26.6576107741
126.7397871	51.33345801	70.827812	26.6482088124
243.9759848	5.86275131	66.99044	26.6306070231
247.4054235	47.94634375	27.261658	26.6257398318
197.2110677	16.17275471	12.576456	26.6059967463
230.6195976	21.09331178	177.791641	26.6056810056
129.2741372	39.81519133	130.075119	26.6032154377
122.6765528	25.68103146	46.369011	26.587740634
204.8230085	-2.88490443	150.226227	26.5262517785
117.7606724	52.7307498	64.212173	26.4939941431
233.9568836	36.23512612	68.209785	26.4907402833
248.1852463	20.81758174	70.802391	26.4883827183
198.7778288	7.0096528	99.252052	26.480215702
224.0124618	30.43156703	162.733932	26.477040027
246.7930755	38.92296904	98.440987	26.4334473416
154.5182277	28.84728314	123.995682	26.41566207
126.0825105	19.31969726	134.660446	26.3796192923
242.4982761	11.13973629	65.564056	26.3136178778
170.1669466	4.88582602	140.63681	26.2759072745
164.1478872	57.36862748	13.667166	26.2597369336
168.1366168	3.83870783	124.689697	26.2590280979
120.1901763	32.73625143	178.421692	26.2512800363
225.2529139	2.19446386	111.354431	26.2305702428
226.6252159	17.19729314	114.96418	26.2286645467
201.658115	21.85949618	179.865997	26.2129535193
219.7381579	47.75736006	120.67733	26.1817137298
214.469566	44.9519737	13.876526	26.1346686655
142.6621406	36.36999042	95.244576	26.134524578
123.7362918	28.71254464	42.991177	26.0861098081
224.8114159	51.99224417	49.440998	26.0778025113
164.3166288	40.98936428	89.295273	26.0662757957
111.3236907	38.8736318	161.399231	26.0127518196
165.2380959	10.50797401	138.183441	25.9985141094
174.2553277	18.62604913	139.559189	25.9399473628
193.4415808	56.73205467	129.841339	25.9212584966
226.8640543	48.47505038	104.504539	25.8938351885
172.2038447	-2.34002853	161.017075	25.8554591684
168.3797412	20.62521018	94.012444	25.8128588997
245.8048137	16.41189662	58.408016	25.8085106158
205.7156331	17.38831759	142.578552	25.8065409203
227.9847777	5.55902093	42.647335	25.7966947826
198.8246081	-3.11771899	60.911144	25.7964987367
226.1669279	37.04931955	20.497101	25.7915068549
243.5216984	7.30453658	128.939026	25.788692452
130.5239924	56.95950191	140.072937	25.7873278568
146.5911173	3.67191875	119.371323	25.7724639028
241.461715	3.77836753	56.975498	25.7667855752
129.1738139	17.98450528	80.770805	25.7619359413
227.0078407	30.29811176	86.974625	25.7439404575
238.2618954	3.09685894	6.285874	25.7387579286
255.3238487	22.77299999	113.245399	25.7310906573
225.6358677	26.91127762	116.861618	25.7215713525
251.6110218	22.03671511	119.403252	25.6760831282
209.2672609	-1.92142197	43.998539	25.6581628751
121.3803516	12.08956544	30.143736	25.6529484826
256.9429409	20.67403049	125.241341	25.6389583624
204.7394042	25.13620674	148.505035	25.6296552583
223.5067437	-1.32500795	168.19104	25.6251269837
119.8893369	49.35559092	39.949432	25.6108197656
241.9855172	44.27210866	128.171753	25.59240363
202.775032	10.51765562	175.062485	25.5903108884
244.5842268	12.62702582	97.771507	25.5868186866
134.1470832	62.51452974	71.226021	25.5763595697
242.3692179	49.40924564	27.098465	25.5578677631
177.1845428	53.36087409	59.256393	25.5244129448
119.1544781	18.68390958	39.427147	25.5200389413
114.0357998	32.32962566	60.763733	25.4974530652
163.63726	24.08831157	87.323547	25.4711229821
140.5019828	28.76511886	52.035522	25.4070750241
188.9882006	47.68483616	31.708481	25.4050117659
229.2742397	17.06262328	126.762001	25.4029178513
245.9704205	45.16353111	9.168793	25.377172257
138.1187099	6.05552471	177.968292	25.3561032878
247.7616953	12.03407482	118.483543	25.3437106665
231.5294566	18.73082267	134.382614	25.3185894154
219.8137124	42.88682333	24.547791	25.3160037784
220.9930088	24.50736422	52.863522	25.3132055065
190.805423	29.95608955	116.985291	25.2615006911
209.4429075	29.70645273	121.668213	25.2556642054
257.0510991	35.6012478	65.582909	25.1678209716
158.1334105	24.46653053	122.424179	25.1383089908
120.524656	35.01542648	10.635057	25.121113258
199.4339008	-3.48013599	16.439407	25.1038928688
166.3990634	21.11613898	144.061981	25.0777537264
131.7581771	12.9827116	19.745972	25.0716454807
250.1193184	42.51040946	124.854752	25.0451278012
132.362053	62.9713993	63.097572	25.0345244877
135.1452817	54.67882034	110.160454	25.03136025
245.1869174	27.32630048	10.398193	25.0004849513
240.0377017	31.69017796	147.506729	24.9902524594
236.3303236	30.42351708	112.847183	24.9703214903
233.4721189	41.83741159	156.75	24.9538381001
240.3774738	13.4905356	68.85199	24.9373235372
180.9660936	43.06697211	96.15847	24.915135626
250.6141151	22.04793103	93.73555	24.9114682927
243.1672541	46.78562716	84.782188	24.9060177203
184.5383451	56.47933136	144.649857	24.8742093112
237.2082361	11.53208985	148.725372	24.8557615136
200.0493493	46.89126775	106.66256	24.8366033007
167.5115053	30.91352163	20.167271	24.8047772301
188.5465728	63.51067724	10.562759	24.7938542068
163.834054	24.77069281	28.149527	24.7755880979
133.2854197	10.14981271	55.060532	24.7414457405
208.5726187	48.74440993	110.305496	24.7333291337
235.7487518	23.69664354	24.170319	24.6982234627
249.2852068	27.4273504	125.645683	24.673574752
188.8261246	8.20871593	148.663605	24.6721257384
245.442699	10.27670882	33.591156	24.6593767417
128.2675375	15.22487415	74.878372	24.6256098697
148.9653955	9.47682508	37.933731	24.6167685364
126.906719	43.31518304	111.217903	24.5947690967
162.2516549	30.02197367	29.974251	24.5786518503
231.9172083	1.54829537	83.747925	24.5556571499
235.9463683	48.71498776	80.698158	24.5482493714
230.9232674	19.57174206	175.918274	24.4821590683
208.7657789	25.40747034	83.641396	24.4756301979
153.9978135	4.44009703	174.037842	24.3661387085
171.2282714	10.67614648	37.115898	24.3417202366
192.7251064	-2.40050561	170.012344	24.3397550507
211.0442165	58.20220171	32.975136	24.2479191556
131.6645373	38.05644037	108.462479	24.2441489009
251.2261657	31.47474763	154.009964	24.2379553607
245.590315	8.97084678	89.319519	24.2106837431
189.3987837	13.42881491	13.865829	24.1938020583
159.0871523	16.63180224	105.118683	24.1584907138
186.0925389	24.92464135	139.595245	24.1517535522
211.630274	7.33954674	93.280045	24.1478183043
215.8076435	21.48319717	128.035034	24.1387169511
124.4966646	56.664439	21.37273	24.1148071232
123.8779534	7.81804269	132.794907	24.1128588538
177.417747	63.65979023	62.250599	24.1021095197
247.8101884	34.26109053	84.74337	24.0273406246
152.2802847	68.47397559	8.985188	24.0243163073
215.1563553	42.0699218	26.440901	24.0004110232
118.6410758	22.10819152	162.748993	23.9985179247
180.4498393	-3.40835183	126.230392	23.9632460352
221.7363687	45.67053121	6.401093	23.9127835169
126.9184961	15.52234885	9.170547	23.890080171
145.2768515	33.2319292	92.694145	23.8770897221
121.2603143	48.23690347	49.320972	23.8770265282
113.8662748	41.96137399	131.027069	23.8696160293
245.9229622	18.69214602	136.208939	23.8621671023
165.9716423	30.46084719	127.432854	23.8381487274
168.340145	41.22880537	122.302208	23.8075325312
241.901069	17.46050073	99.769333	23.8007452706
152.6027282	28.24601624	124.689484	23.7778183948
232.2214582	44.30116818	148.305313	23.7694992885
133.8053743	13.82439106	98.58107	23.7396948165
219.5815933	39.63449965	129.080688	23.7165724709
192.7016139	51.26871947	79.027969	23.6499459864
217.6624084	60.51851994	159.733063	23.6465935899
197.2717643	-2.90669457	177.021179	23.5929080577
253.5739901	20.70437804	161.724731	23.59283496
243.8178711	13.6622643	121.446983	23.5459478538
169.4026464	47.14083167	167.457581	23.5092737944
125.4068498	55.18618492	62.782009	23.4983929625
197.2416573	20.75682076	135.30809	23.4830249256
240.0511363	10.01012126	119.900917	23.4671545943
242.2675184	9.07691174	91.621399	23.4525080019
127.9394548	40.56569836	68.838615	23.3892045418
217.0079833	19.44324165	16.673429	23.3525863174
184.8843025	33.56514443	19.29711	23.336635073
133.3575268	58.78070431	21.010645	23.2796502715
136.7750064	12.99585226	93.384209	23.2259134904
228.0683928	31.11149455	150.000351	23.2037103273
171.6317254	43.23388191	32.246197	23.1823975778
130.0286071	37.71495738	30.139118	23.1667608999
137.6002417	23.26747785	154.379868	23.1456927193
220.1831819	47.13347952	140.557877	23.141566303
230.386252	31.28071103	126.257851	23.1135592845
170.9204987	36.82204345	149.960663	23.0945342435
141.0580398	15.61009577	69.555504	23.0744917627
123.7206283	43.29450858	92.014763	23.069806557
248.9766845	37.27332104	135.694443	22.9504096409
170.8702597	63.63066074	145.02211	22.9494445382
146.3344598	11.83560497	166.169632	22.9309217548
243.3416854	19.7655043	178.390762	22.912267285
230.4401839	6.09245857	147.76033	22.9025336317
238.5228944	36.28852112	88.461411	22.8868792211
253.2106758	31.89209006	16.996033	22.8498599147
242.1518434	34.20209983	151.14476	22.8302966666
187.1408762	29.62343051	67.774582	22.8220443852
128.915862	15.86000444	9.701562	22.7762761564
197.7420142	49.30729076	117.228073	22.7692251671
248.4717167	46.53728631	177.896225	22.7338800857
254.1345399	18.72099556	116.713921	22.7268117213
208.4198362	33.04898506	36.92234	22.6357887301
116.4287796	30.35867019	151.641571	22.590208214
227.9190311	51.66583223	125.677902	22.5800618611
144.6657998	24.07419891	39.766865	22.5619696594
188.3456126	2.87464654	93.189537	22.5533163542
248.5888646	31.59238285	61.087288	22.5529134842
129.4162283	41.79887053	122.482147	22.5396827523
121.418517	26.86179613	161.526337	22.5323900084
230.5311905	32.53626097	0.343109	22.5247275372
233.4040422	58.59194105	128.452438	22.3812588672
206.9337436	6.9652131	69.67498	22.3711078479
235.9925271	6.86578862	22.678438	22.3691087718
193.1232635	35.31173208	93.450928	22.3431184898
163.715253	1.48197229	139.860977	22.3372234887
245.0798752	33.09260489	79.611565	22.3306615528
142.886778	53.07405018	29.511751	22.3295474295
252.5248641	31.11960455	139.957367	22.3288192192
203.2320327	1.55389306	175.722885	22.32674716
177.7020287	3.53477497	71.896484	22.3085718968
121.0258104	10.08263266	78.916374	22.2797821452
194.1744466	19.37502045	169.599503	22.2653006273
114.2030344	32.74496064	27.113302	22.2510045449
117.3424195	19.50043987	163.124512	22.2261753373
216.0448433	3.60965401	110.044243	22.2137719316
161.7894659	31.16042205	88.726974	22.2029195591
112.4409009	41.08088411	7.722543	22.1397465051
236.4964565	13.41808552	175.266876	22.1275027314
118.7241738	51.89397194	39.666813	22.1231653448
184.983333	29.61239445	10.194553	22.049705525
228.8927681	51.78865841	83.069122	22.0272884003
219.7592303	16.35055383	112.619904	21.9837971276
248.3318547	27.13413604	155.667801	21.9791831034
186.6486071	8.84061512	71.450783	21.9658821525
258.1078979	29.11797724	88.294495	21.8960181262
119.4456093	16.63830057	148.210983	21.8125125187
260.2626691	29.05912416	48.407257	21.8051091852
140.2699221	38.45490098	63.979507	21.7960737467
190.7543854	-3.57206337	131.604706	21.7946657269
134.3313311	40.50245199	113.172249	21.7889255874
229.8751554	22.00439143	99.02993	21.7648551137
161.8849968	58.79929549	35.713345	21.7591211055
182.2680231	50.29751324	8.251016	21.7574529603
201.2816088	58.6882651	144.408279	21.7517187983
221.6546674	40.08563112	173.856201	21.7046643153
256.9334295	35.4272349	76.062668	21.6909395512
161.7827182	45.23759147	105.896187	21.5819548716
217.4192355	13.98991044	3.104553	21.5648173022
229.6160352	7.88752205	50.803852	21.5343927647
116.51168	50.03533665	179.902496	21.5003785809
115.4008602	23.81028304	35.083069	21.4856723322
191.4051483	12.98420174	163.080795	21.4778619876
128.6071188	24.20355983	67.392288	21.4610374464
253.108245	22.79236915	75.318748	21.4461074308
199.8731683	61.34404734	22.447937	21.4110572319
134.0573801	9.30814451	106.691917	21.3868683639
246.7278248	34.33720969	19.046875	21.2942157512
241.0534353	50.37300279	55.999313	21.2751464005
169.8830685	60.28326462	53.066963	21.2593199536
256.2169315	36.5071522	116.222923	21.2053520194
179.7235977	65.81683455	164.620041	21.1890040029
179.5103093	43.97387641	39.933334	21.1689996378
233.1976873	31.38044457	112.774117	21.1207668643
115.6083225	28.89485804	41.226665	21.0729973908
164.4087244	4.55625671	58.146225	21.0697837102
170.7831369	30.87202869	54.960041	21.0551512022
140.5738011	59.46487297	102.696587	21.0114839031
186.5471107	16.67784378	16.709927	21.0033801514
217.2313783	65.22039569	77.180809	20.9908709155
119.2966032	10.46642531	0.946196	20.9182001253
209.1799169	-1.70270019	11.318232	20.9011872341
250.0563471	23.16866794	49.116096	20.8761985692
207.1116185	30.90491824	155.076309	20.8682236198
118.5097116	31.56728357	119.259567	20.771687835
145.7281528	20.30565702	49.968307	20.7443812336
181.9948518	11.63602995	12.406607	20.7441269174
223.8499095	-1.22087689	135.214081	20.7315513288
250.777892	20.94119994	92.403145	20.7078180836
118.4135563	34.95690591	29.695393	20.6364653982
174.089029	45.44584505	143.806015	20.6356010589
139.7159177	11.25346533	129.692932	20.630382585
228.0896615	-2.11225087	47.613297	20.5934765178
205.8254378	14.76273633	52.879028	20.5764289085
232.8864319	29.92595029	123.350662	20.5519265123
189.1567822	46.42263934	107.694901	20.503147376
128.1452923	20.19755461	148.356232	20.4819819385
244.3746279	33.39615359	112.61087	20.4606915306
150.8842267	15.64734379	74.01403	20.3960039553
231.656173	11.42969986	9.114777	20.3888307032
158.9743071	37.0877018	58.658699	20.368632285
247.0857304	23.97911528	95.195038	20.3353304009
159.7317893	3.03618705	113.223953	20.32958718
168.4154617	21.81395919	39.801121	20.3119194764
228.0307665	4.61838383	125.465958	20.2801564263
128.2206906	4.44349667	85.005867	20.2384692182
171.3165288	-3.61417747	168.057281	20.2109312539
210.0873494	36.59633014	121.394081	20.1714310306
257.3029716	35.00336101	82.404663	20.1708120032
124.2282176	58.00006734	174.286041	20.1634681479
220.6971527	27.99729462	149.660004	20.106194248
258.703363	29.50961503	41.422806	20.0987312819
129.6607218	7.60175329	82.814392	20.0753926418
206.5150279	2.1244702	115.970901	20.0239131506
120.4567932	18.49972623	14.597324	20.0187565008
218.1508382	6.71335782	69.737335	20.0140077582
220.1800033	32.10048128	40.289154	19.897674421
131.1392146	39.16269994	161.022675	19.8532765792
225.7362957	-0.87657849	56.102905	19.7925193632
165.840813	23.07468028	65.587639	19.7862196219
170.1417195	46.72519785	144.331406	19.7694193706
211.9740217	8.08306357	65.487953	19.7615391278
122.7429582	27.58936336	93.96624	19.7275497638
161.331704	62.77518728	42.970852	19.696966306
200.5092333	3.5550899	168.02626	19.6854977235
130.3102308	23.33397989	87.07534	19.6810846595
224.7859994	3.1901354	77.994644	19.6574756618
243.7991568	15.17415235	30.356312	19.64672128
146.8605063	54.30221455	70.529953	19.5763700505
206.4628945	16.38573496	8.243663	19.5500204791
116.9183325	16.19496788	40.779652	19.5435816111
126.7213847	25.31267647	168.386658	19.5332490177
251.0568147	37.92663074	14.433975	19.529103551
130.3698556	38.83227326	159.462372	19.4799537157
212.9332296	62.91447493	166.655518	19.294675412
119.1068041	27.46165493	86.281715	19.2617462155
140.3230917	9.71850817	58.382122	19.24480719
127.4390152	23.20821891	14.376843	19.221600027
236.032337	31.86341979	110.797256	19.1775605647
143.0450254	9.86898817	125.559608	19.1000816547
113.1834432	29.12501242	132.503845	19.0925643765
222.0815723	53.57489781	152.110474	19.026964744
126.0202162	29.45883704	145.756226	18.9642834323
199.9756763	22.2020392	123.325233	18.9302745796
197.6030277	12.42123992	74.282333	18.8690791148
168.1755637	19.7204178	29.692944	18.7836653095
148.9789796	8.2133144	92.352295	18.7829139782
173.6821445	23.02547565	10.022999	18.7722360012
187.8733314	12.2376761	66.851738	18.6666080094
225.9707224	31.13688627	3.700409	18.5694352472
133.5815827	38.58123495	126.877861	18.4744751217
149.5386531	13.45038975	157.553772	18.400606718
200.1951493	40.9362487	91.19149	18.3617940444
255.8161544	19.22852549	109.12085	18.3525347092
134.9794975	30.04373301	139.073624	18.310886481
149.0794512	8.20979078	169.388489	18.2770940335
236.8977178	15.43319866	12.30397	18.2162408213
199.8003028	38.25760227	55.122864	18.2005279969
133.927183	3.28453441	134.388535	18.1959088082
194.3038507	7.43686882	12.037233	18.1879214452
118.1619756	18.93248905	146.843353	18.1796279975
173.8731669	-1.95002901	153.817917	18.1311241615
198.701394	-0.41273806	170.138626	18.1307712403
130.0347919	49.06053586	34.890282	18.1156787402
133.0400703	44.72801674	7.968033	18.1018528408
169.3841271	42.41195088	123.621239	18.0896379136
228.9437746	54.06297688	33.463074	18.0644492212
241.7932023	10.03936216	8.607025	18.0496919474
217.7193003	55.16652809	156.134659	17.994439049
218.7832417	49.90217983	142.46228	17.966795254
250.7325347	38.17989029	8.930038	17.9666594435
126.3062523	42.42915755	21.923187	17.9325988381
238.6061227	15.73730818	127.490837	17.9169649017
149.0208948	41.35511119	26.44314	17.8528763944
248.2837272	15.40668139	112.48661	17.7965159624
126.4748432	10.70336974	119.435623	17.7024187567
222.2614903	50.52048339	114.717743	17.6760221917
238.9838289	49.29821686	39.459747	17.6173479811
224.8471825	33.96960747	123.341843	17.4365829835
182.802904	52.19413205	109.227287	17.4275895705
203.1083133	20.87495627	7.905195	17.2511159508
237.9031929	4.42880601	42.308693	17.1793128934
214.8545261	27.81570178	47.222187	17.1588443227
233.1724105	1.76772622	135.297348	17.1195150645
119.37266	32.50358589	163.456543	17.0825601379
242.8105079	17.86225505	127.143272	17.0773106926
215.7190574	23.42582873	86.491959	17.044586064
216.1442359	24.40312703	36.313244	17.0402578606
140.9358064	34.96405901	1.206406	17.0069137965
228.9235245	22.68684957	11.944229	16.969461706
150.6914524	13.40480693	62.169819	16.8554904883
237.4555741	4.69130808	18.591526	16.739328487
198.3112548	21.22818048	1.989441	16.7181151584
191.1174579	4.75350425	97.91304	16.5990659604
180.2758166	27.96379337	147.658447	16.5779893541
177.0159915	2.31619752	68.872314	16.5027994276
174.7917883	24.56414331	94.410812	16.4580446756
225.8537276	1.49043452	129.213898	16.4470054135
203.8352004	5.94073553	137.947784	16.3849869539
241.477094	19.80019616	139.535507	16.3264370335
132.2979045	42.64942111	103.861633	16.1175290076
229.1545279	9.62329444	162.071259	16.0251743771
256.8775735	38.17303783	24.947952	15.9714426693
131.6159406	53.12319711	178.324371	15.8996640678
183.4167641	53.02949554	121.560043	15.8639288113
226.6197273	25.49465764	176.250168	15.8294474342
154.9302703	65.01616663	175.393066	15.8115057295
187.1125175	11.80145771	37.14975	15.8035034445
126.2950197	57.47382136	135.288208	15.793439179
160.9614716	28.90278744	153.340897	15.7837813033
229.5856435	31.58558582	113.417679	15.7503931961
178.4220767	15.81195379	72.868301	15.7302837097
172.6548491	-1.38727024	93.474007	15.6729554223
193.7442582	4.25342306	7.564595	15.5160873448
126.9030042	58.29768101	21.706417	15.415277166
211.8125052	19.42749283	121.934113	15.3872657826
166.9831625	21.69741281	34.10471	15.3803822388
201.69572	38.60132721	163.137833	15.1175310914
208.7343341	17.51066069	7.281998	15.0675720025
180.2702642	27.96452396	67.33567	14.9136316085
235.1050585	2.60956474	118.033943	14.9008744554
112.17405	41.45642787	57.039036	14.8502909758
135.7978758	-0.72524339	94.225731	14.8330956096
247.2474565	23.76552419	133.982208	14.546221509
155.5761897	1.33261101	8.864422	14.5024639881
129.2799777	26.67327971	133.996826	14.4396182811
205.6245122	26.78737515	58.082951	14.3923537985
136.2824069	26.13733452	55.396206	14.3106217747
140.5279409	10.23945128	142.30571	14.2761163083
170.0512342	12.95919943	115.634453	14.2274897044
141.4199787	38.59828846	136.871826	14.1779352063
220.7622861	31.66544397	75.738571	13.9890952789
246.6900418	19.05768189	158.066483	13.9717919964
235.0951743	5.15037375	73.418358	13.8996839107
121.4628639	37.34560713	111.774673	13.8462930375
128.6895887	52.86053886	28.664627	13.8408600077
226.5870901	42.62689946	156.151077	13.81973619
230.1565471	29.52315555	64.07476	13.8063062472
119.4790022	26.32640672	143.366425	13.6497387868
242.9534924	7.08348509	38.481869	13.5628333364
116.5629627	28.09530828	120.720802	13.5581316182
204.911002	27.45627417	152.923813	13.4980323726
192.7044252	-1.41886942	53.934601	13.4051273184
119.2880625	44.61245378	149.13324	13.3991581246
140.1041361	22.19087456	113.463997	13.3974869193
223.3370008	33.29957913	16.33609	13.2956317976
231.6316391	27.74130855	102.771744	13.2872513647
223.2144144	2.490915	79.989372	13.1979364756
165.0844593	4.50799254	121.242363	13.1485926917
198.8772541	26.53572669	177.501083	13.0948829843
253.53585	32.90288045	124.477821	13.0290256615
213.5805881	21.74029466	127.526947	12.8980469832
244.9407859	19.89040321	99.17421	12.8970150086
155.9469946	14.8199507	94.110725	12.7496872288
190.2733569	13.30336166	28.783295	11.5671493395
231.0457382	15.05293547	111.813248	11.5646890658
211.7559012	5.06380038	97.267845	11.2306297717
213.3699912	9.49351043	51.33392	10.484124126
152.0254888	62.77019005	59.104309	10.3500404772
142.9470657	43.88658314	110.087433	10.3024533949
164.8685011	31.61924239	113.713089	9.8539771454
209.6819839	6.74942758	115.067162	8.9629366886
154.1337451	6.0657052	50.346382	8.4736730633
224.2539667	30.53490833	0.316208	8.3069767257
246.6392753	35.03300974	35.172058	8.0469621621
223.0694522	54.53549052	104.583603	7.9869848402
237.7357881	33.43090561	28.628967	7.5617528285
118.7177334	30.42792456	21.735579	7.3810253998
113.3178321	46.89748193	144.16333	7.2121960729
260.5852855	28.54672686	15.766052	5.8969880563
129.1729567	10.57068225	160.155472	5.5593181554

